mae: 0.0022512187715619802
mape: 0.002718163887038827
mse: 6.935443707334343e-06
rmse: 0.0026335229631513357
nll: -5.159708499908447
ece: 35.89868891539545
