mae: 0.01399410143494606
mape: 68469321728.0
mse: 0.00027045709430240095
rmse: 0.016445579007267952
nll: -3.3498454093933105
ece: 25.031926406946415
