mae: 0.02273387275636196
mape: 173705478144.0
mse: 0.0007595154456794262
rmse: 0.02755930833518505
nll: -2.1732373237609863
ece: 13.632258064536135
