mae: 0.008670006534759977
mape: 0.010332317927892182
mse: 8.158100617658263e-05
rmse: 0.009032220445526262
nll: 0.2604002010259544
ece: 22.52262543010505
imae: 12.50584602355957
imse: 180.7688751220703
mae_rel: 0.010452959686517715
mse_rel: 9.965266508515924e-05
