mae: 0.0477311909198761
mape: 0.05637992173433304
mse: 0.0035900783259421587
rmse: 0.05991726368665695
nll: -2.1154532432556152
ece: 35.788457008265
imae: 68.65159606933594
imse: 7483.44287109375
mae_rel: 0.05799339711666107
mse_rel: 0.00438353419303894
