mae: 0.003127085277810693
mape: 0.0037076198495924473
mse: 1.352449271507794e-05
rmse: 0.003677566070109606
nll: -4.8744330406188965
ece: 38.25136620723648
