mae: 0.0077426619827747345
mape: 0.009133581072092056
mse: 6.516322901006788e-05
rmse: 0.008072374388575554
nll: -3.6689858436584473
ece: 14.04871802175824
imae: 10.726704597473145
imse: 123.21775817871094
mae_rel: 0.009056970477104187
mse_rel: 7.562692189821973e-05
