mae: 0.3366566002368927
mape: 2178291204096.0
mse: 0.11650516837835312
rmse: 0.34132853150367737
nll: 16.764366149902344
ece: 36.453210010881385
imae: inf
imse: inf
mae_rel: 0.3063572943210602
mse_rel: 0.1062697023153305
