mae: 0.025587454438209534
mape: 98460229632.0
mse: 0.0009826687164604664
rmse: 0.031347546726465225
nll: -2.374415874481201
ece: 20.479276637361156
