mae: 0.043457821011543274
mape: 884591820800.0
mse: 0.003031367901712656
rmse: 0.05505786091089249
nll: -2.165614604949951
ece: 30.7283658787456
imae: inf
imse: inf
mae_rel: 0.0682944655418396
mse_rel: 0.005445489659905434
