mae: 0.18015390634536743
mape: 656555573248.0
mse: 0.035263583064079285
rmse: 0.18778599798679352
nll: 5.180438995361328
ece: 20.871291982139788
imae: inf
imse: inf
mae_rel: 0.2772703170776367
mse_rel: 0.052218157798051834
