mae: 0.03172759339213371
mape: 470731980800.0
mse: 0.0011491390177980065
rmse: 0.03389895334839821
nll: -1.7294719219207764
ece: 10.228157650912955
imae: inf
imse: inf
mae_rel: 0.051207736134529114
mse_rel: 0.0021622097119688988
