mae: 0.037922076880931854
mape: 309378187264.0
mse: 0.0018153758719563484
rmse: 0.042607229202985764
nll: -1.8618322610855103
ece: 22.686003003096726
imae: inf
imse: inf
mae_rel: 0.05306147783994675
mse_rel: 0.0024661493953317404
ece_after_recalibration: 11.81527001864198
