mae: 0.036250922828912735
mape: 705441693696.0
mse: 0.0018053853418678045
rmse: 0.042489826679229736
nll: -2.151191473007202
ece: 15.935543688524792
