mae: 0.0019955995958298445
mape: 0.0024176067672669888
mse: 7.39489132683957e-06
rmse: 0.00271935504861176
nll: -5.2524333000183105
ece: 36.72595907930389
imae: 2.9347689151763916
imse: 17.635927200317383
mae_rel: 0.002409062348306179
mse_rel: 9.095295354200061e-06
