mae: 0.03317544236779213
mape: 168290893824.0
mse: 0.0018702743109315634
rmse: 0.043246667832136154
nll: -1.0653917789459229
ece: 13.488182732544232
