mae: 0.04072011262178421
mape: 1037719371776.0
mse: 0.002872041892260313
rmse: 0.05359143391251564
nll: -2.6095709800720215
ece: 15.13997600851813
imae: inf
imse: inf
mae_rel: 0.07937657088041306
mse_rel: 0.00781987700611353
