mae: 0.02437550202012062
mape: 153592578048.0
mse: 0.0008304144721478224
rmse: 0.028816912323236465
nll: -1.9317983388900757
ece: 12.385630498553727
imae: inf
imse: inf
mae_rel: 0.04489612206816673
mse_rel: 0.0015115872956812382
