mae: 0.002515423111617565
mape: 0.0029877922497689724
mse: 1.2670452633756213e-05
rmse: 0.003559557953849435
nll: -5.010031223297119
ece: 39.558698224872074
