mae: 0.07364124059677124
mape: 102569582592.0
mse: 0.005589785519987345
rmse: 0.07476487010717392
nll: 10.346380233764648
ece: 36.433756388066506
