mae: 0.013696981593966484
mape: 324227399680.0
mse: 0.00031498129828833044
rmse: 0.01774771325290203
nll: -3.4206583499908447
ece: 33.469834087501155
imae: inf
imse: inf
mae_rel: 0.029857920482754707
mse_rel: 0.0007824324420653284
ece_after_recalibration: 3.0001888213227055
