mae: 0.003626082558184862
mape: 0.004441124852746725
mse: 2.8618500437005423e-05
rmse: 0.005349626298993826
nll: -4.602262020111084
ece: 27.99531066824978
