mae: 0.0036026511806994677
mape: 0.004329864401370287
mse: 2.669102650543209e-05
rmse: 0.005166335962712765
nll: -4.301352500915527
ece: 33.967629176636265
imae: 5.22298002243042
imse: 54.51640701293945
mae_rel: 0.004317992366850376
mse_rel: 3.1450443202629685e-05
