mae: 0.034748468548059464
mape: 312383799296.0
mse: 0.0016396469436585903
rmse: 0.040492553263902664
nll: -2.0449159145355225
ece: 15.408127535339236
