mae: 0.00356449862010777
mape: 0.004208877217024565
mse: 2.0933190171490423e-05
rmse: 0.004575280472636223
nll: -4.632277965545654
ece: 33.93942528737633
imae: 5.007030010223389
imse: 39.61438751220703
mae_rel: 0.004216128960251808
mse_rel: 2.4345774363609962e-05
