mae: 0.0064816041849553585
mape: 0.007747181691229343
mse: 4.500225986703299e-05
rmse: 0.006708372384309769
nll: -4.125463485717773
ece: 16.45101356602423
imae: 9.213908195495605
imse: 94.02236938476562
mae_rel: 0.007683094125241041
mse_rel: 5.3633157222066075e-05
