mae: 0.031518179923295975
mape: 2182090496.0
mse: 0.0018820486729964614
rmse: 0.04338258504867554
nll: 0.05495024472475052
ece: 13.897085848966281
