mae: 0.06429818597582453
mape: 284557642468.2553
mse: 0.004281467545089884
rmse: 0.06543292401451951
nll: 18.5827422407541
ece: 45.290587166193234
imae: inf
imse: inf
mae_rel: 0.09725158661603928
mse_rel: 0.006149629596620798
