mae: 0.0035077750217169523
mape: 0.004132550675421953
mse: 1.61699626914924e-05
rmse: 0.004021189175546169
nll: -4.724417209625244
ece: 35.340281329943274
imae: 4.869094371795654
imse: 31.152488708496094
mae_rel: 0.004113948438316584
mse_rel: 1.8851040294975974e-05
