mae: 0.03241296112537384
mape: 122066403328.0
mse: 0.0013312952360138297
rmse: 0.0364869199693203
nll: -1.584615707397461
ece: 5.9170927385985905
imae: inf
imse: inf
mae_rel: 0.05197906866669655
mse_rel: 0.0020923258271068335
