mae: 0.021366940811276436
mape: 864304300032.0
mse: 0.0007824143976904452
rmse: 0.027971671894192696
nll: -2.8331398963928223
ece: 38.70896739132436
imae: inf
imse: inf
mae_rel: 0.03732937201857567
mse_rel: 0.0021748491562902927
