mae: 0.010914221405982971
mape: 210850791424.0
mse: 0.000178877919097431
rmse: 0.013374525122344494
nll: -3.561674118041992
ece: 31.77693144724525
