mae: 0.007543292827904224
mape: 0.00882885605096817
mse: 6.631282303715125e-05
rmse: 0.008143268525600433
nll: -3.450758934020996
ece: 13.973427698197066
