mae: 0.0020261758472770452
mape: 0.0023874735925346613
mse: 5.899742518522544e-06
rmse: 0.0024289386346936226
nll: -5.310887813568115
ece: 6.149616368306451
