mae: 0.030091291293501854
mape: 254459248640.0
mse: 0.0014370738063007593
rmse: 0.037908755242824554
nll: -0.777944803237915
ece: 10.92837127847885
imae: inf
imse: inf
mae_rel: 0.048432692885398865
mse_rel: 0.0021281412336975336
