mae: 0.0013311442948029182
mape: 0.0015410061524773941
mse: 5.874136749309667e-06
rmse: 0.002423661847145692
nll: -4.777713174566226
ece: 45.63384982123574
imae: 1.798987865447998
imse: 9.86978816986084
mae_rel: 0.001545124570839107
mse_rel: 6.706726708216593e-06
