mae: 0.025769395753741264
mape: 709781028864.0
mse: 0.0009152864804491401
rmse: 0.030253702774643898
nll: -2.2830939292907715
ece: 18.399514446494027
imae: inf
imse: inf
mae_rel: 0.0421973280608654
mse_rel: 0.0017382081132382154
