mae: 0.08005902916193008
mape: 93542432768.0
mse: 0.006852247752249241
rmse: 0.08277830481529236
nll: 0.09819285571575165
ece: 16.02841315458771
imae: inf
imse: inf
mae_rel: 0.24977995455265045
mse_rel: nan
