mae: 0.0034135112073272467
mape: 0.004013619851320982
mse: 1.5563024135190062e-05
rmse: 0.0039450000040233135
nll: -4.7680888175964355
ece: 25.024942528755638
