mae: 0.006196099799126387
mape: 0.007269031833857298
mse: 4.2276838939869776e-05
rmse: 0.006502064410597086
nll: -2.487912654876709
ece: 6.128559391819362
