mae: 0.03039552830159664
mape: 720299753472.0
mse: 0.001317185815423727
rmse: 0.03629305586218834
nll: -2.757211923599243
ece: 33.827374301695976
imae: inf
imse: inf
mae_rel: 0.052961137145757675
mse_rel: 0.003143061650916934
