mae: 0.004721291363239288
mape: 0.0055895643308758736
mse: 3.2984462450258434e-05
rmse: 0.005743210203945637
nll: -4.470070838928223
ece: 29.217396449724152
imae: 6.609420299530029
imse: 64.80632781982422
mae_rel: 0.0055528967641294
mse_rel: 3.855934846797027e-05
