mae: 0.013526433147490025
mape: 240162078720.0
mse: 0.0002608374925330281
rmse: 0.01615046337246895
nll: -3.454827308654785
ece: 30.621653971728378
imae: inf
imse: inf
mae_rel: 0.024654939770698547
mse_rel: 0.0006318159867078066
