mae: 0.048950836062431335
mape: 129894375424.0
mse: 0.0037360170390456915
rmse: 0.061122965067625046
nll: 4.0495171546936035
ece: 27.064809204357132
imae: inf
imse: inf
mae_rel: 0.062214240431785583
mse_rel: 0.004451292101293802
