mae: 0.011128181591629982
mape: 0.0130911311134696
mse: 0.00015227597032207996
rmse: 0.012340014800429344
nll: -1.6989327669143677
ece: 8.319338961124165
imae: 15.722260475158691
imse: 303.78582763671875
mae_rel: 0.013303897343575954
mse_rel: 0.00018119506421498954
