mae: 0.03209904208779335
mape: 221954310144.0
mse: 0.0013793646357953548
rmse: 0.03713979944586754
nll: -1.6329377889633179
ece: 9.486683531748968
imae: inf
imse: inf
mae_rel: 0.0514453686773777
mse_rel: 0.002201682887971401
