mae: 0.002337539801374078
mape: 0.002794377040117979
mse: 8.048314157349523e-06
rmse: 0.002836955012753606
nll: -5.176344394683838
ece: 35.57139588102686
imae: 3.367931604385376
imse: 16.524059295654297
mae_rel: 0.0028015600983053446
mse_rel: 9.535071512800641e-06
