mae: 0.031915221363306046
mape: 0.038078222423791885
mse: 0.0015818332321941853
rmse: 0.03977226838469505
nll: -2.4162070751190186
ece: 36.89634864548526
imae: 45.342369079589844
imse: 3242.514404296875
mae_rel: 0.03785672038793564
mse_rel: 0.001867624232545495
