mae: 0.020036639645695686
mape: 43419893760.0
mse: 0.0006135079893283546
rmse: 0.024769093841314316
nll: -1.9392598867416382
ece: 12.486119257107005
