mae: 0.0050604804418981075
mape: 0.006214973516762257
mse: 4.3352876673452556e-05
rmse: 0.006584289949387312
nll: -3.8835623264312744
ece: 17.57631887458038
