mae: 0.002409852109849453
mape: 0.0028385876212269068
mse: 1.0421549632155802e-05
rmse: 0.0032282425090670586
nll: 6.892619609832764
ece: 34.711113515643405
imae: 3.3592841625213623
imse: 20.38375473022461
mae_rel: 0.0028316625393927097
mse_rel: 1.2131362382206134e-05
