mae: 0.0034292368218302727
mape: 0.004057691898196936
mse: 1.4494106835627463e-05
rmse: 0.0038071125745773315
nll: -4.739119529724121
ece: 18.668459839826955
