mae: 0.06491939723491669
mape: 1121455308800.0
mse: 0.006975539494305849
rmse: 0.08351969718933105
nll: -1.1951912641525269
ece: 31.89492873960793
imae: inf
imse: inf
mae_rel: 0.10067137330770493
mse_rel: 0.011893724091351032
