mae: 0.023408114910125732
mape: 190327242752.0
mse: 0.0007217818056233227
rmse: 0.026865996420383453
nll: -2.596050977706909
ece: 17.856160787648303
imae: inf
imse: inf
mae_rel: 0.042645689100027084
mse_rel: 0.0014620836591348052
