mae: 0.007647228892892599
mape: 0.00903877429664135
mse: 6.163447687868029e-05
rmse: 0.007850762456655502
nll: -2.469149589538574
ece: 6.440181332486085
