mae: 0.02807898074388504
mape: 926148657152.0
mse: 0.001868990482762456
rmse: 0.04323182255029678
nll: -2.9356327056884766
ece: 33.725047921881924
imae: inf
imse: inf
mae_rel: 0.05489926040172577
mse_rel: 0.0055580842308700085
