mae: 0.0042673079296946526
mape: 0.004987394902855158
mse: 2.827427670126781e-05
rmse: 0.0053173559717834
nll: -4.540297508239746
ece: 31.09910485935504
imae: 5.829240798950195
imse: 51.5195198059082
mae_rel: 0.0049630263820290565
mse_rel: 3.249822111683898e-05
