mae: 0.0019882777705788612
mape: 0.002352168085053563
mse: 6.674287305941107e-06
rmse: 0.00258346414193511
nll: -5.308870792388916
ece: 36.66751918160569
imae: 2.7920455932617188
imse: 13.070483207702637
mae_rel: 0.0023465401027351618
mse_rel: 7.800903404131532e-06
ece_after_recalibration: 14.15777630967877
