mae: 0.0479515977203846
mape: 381257777152.0
mse: 0.002778655383735895
rmse: 0.052712950855493546
nll: -0.6553353071212769
ece: 5.6472682227624365
