mae: 0.021024323999881744
mape: 194211561472.0
mse: 0.0005596759147010744
rmse: 0.02365747094154358
nll: -2.9968671798706055
ece: 21.526430029472657
imae: inf
imse: inf
mae_rel: 0.03949003666639328
mse_rel: 0.00126594805624336
