mae: 0.0015296003548428416
mape: 0.0017644137842580676
mse: 4.827948032470886e-06
rmse: 0.0021972591057419777
nll: -5.60591459274292
ece: 18.806750572102384
