mae: 0.04549771919846535
mape: 0.05380116030573845
mse: 0.003346421755850315
rmse: 0.057848263531923294
nll: -2.1114110946655273
ece: 36.6994884910686
imae: 64.29556274414062
imse: 6771.80419921875
mae_rel: 0.0542457215487957
mse_rel: 0.003999908454716206
