mae: 0.020008793100714684
mape: 232909668352.0
mse: 0.0005974196246825159
rmse: 0.024442169815301895
nll: -3.0733916759490967
ece: 24.76757164406224
imae: inf
imse: inf
mae_rel: 0.032589226961135864
mse_rel: 0.0009035138064064085
