mae: 0.0006853720988146961
mape: 0.0008178159478120506
mse: 1.3325582131074043e-06
rmse: 0.0011543649015948176
nll: -4.576412677764893
ece: 48.327532777135616
imae: 0.983745276927948
imse: 2.4745328426361084
mae_rel: 0.0008195092086680233
mse_rel: 1.547152123748674e-06
