mae: 0.07875261455774307
mape: 0.09425421059131622
mse: 0.007856969721615314
rmse: 0.08863954991102219
nll: -1.4902206659317017
ece: 20.166348763966752
imae: 129.07168579101562
imse: 23179.802734375
mae_rel: 0.1072482168674469
mse_rel: 0.010989107191562653
