mae: 0.0025537603069096804
mape: 0.0029550911858677864
mse: 1.3727250916417688e-05
rmse: 0.0037050305400043726
nll: -4.807297229766846
ece: 39.618030690557084
imae: 3.440103054046631
imse: 22.655515670776367
mae_rel: 0.002953033661469817
mse_rel: 1.538870310469065e-05
