mae: 0.0025585114490240812
mape: 0.0030624011997133493
mse: 8.910603355616331e-06
rmse: 0.002985063474625349
nll: -5.140425205230713
ece: 33.651124260375035
