mae: 0.0019065875930927593
mape: 0.002200500373430462
mse: 6.0403311051723755e-06
rmse: 0.002457708506957726
nll: -4.893159113155852
ece: 42.84664310956065
imae: 2.550781011581421
imse: 9.574667930603027
mae_rel: 0.0021982979960739613
mse_rel: 6.71782663630438e-06
