mae: 0.023192012682557106
mape: 185131417600.0
mse: 0.0008114675874821842
rmse: 0.02848627045750618
nll: -2.907191514968872
ece: 22.03120756658258
