mae: 0.05406419187784195
mape: 942353743872.0
mse: 0.004553740378469229
rmse: 0.06748140603303909
nll: -1.9460960626602173
ece: 28.279953856899137
imae: inf
imse: inf
mae_rel: 0.08856536448001862
mse_rel: 0.008393185213208199
