mae: 0.0034826470256129087
mape: 0.004208647333950639
mse: 2.5067377537297302e-05
rmse: 0.005006733220104433
nll: -0.060842053186701044
ece: 49.863305978918014
imae: 5.076362133026123
imse: 58.063865661621094
mae_rel: 0.004179919138550758
mse_rel: 3.0318129574880004e-05
