mae: 0.008240635506808758
mape: 0.009819712489843369
mse: 9.411302744410932e-05
rmse: 0.009701186791062355
nll: -1.7655870914459229
ece: 16.5850119079316
imae: 11.806352615356445
imse: 195.7203369140625
mae_rel: 0.009855891577899456
mse_rel: 0.0001121170716942288
