mae: 0.046018119901418686
mape: 1039735193600.0
mse: 0.003075320040807128
rmse: 0.05545556917786598
nll: -2.4833574295043945
ece: 23.497125256693515
imae: inf
imse: inf
mae_rel: 0.07869178056716919
mse_rel: 0.00647873617708683
