mae: 0.07023923099040985
mape: 57182339072.0
mse: 0.005069347098469734
rmse: 0.07119935005903244
nll: 22.398086547851562
ece: 41.24394736844105
imae: inf
imse: inf
mae_rel: 0.11049262434244156
mse_rel: 0.0074295722879469395
