mae: 0.005458274390548468
mape: 0.0064543792977929115
mse: 3.346142693771981e-05
rmse: 0.005784585140645504
nll: -2.4147133827209473
ece: 30.779872611464963
