mae: 0.0016300380229949951
mape: 0.0018952947575598955
mse: 4.066755991516402e-06
rmse: 0.002016620012000203
nll: -5.341743469238281
ece: 40.24743742552656
imae: 2.2182984352111816
imse: 7.305023193359375
mae_rel: 0.001897910493426025
mse_rel: 4.6727022890991066e-06