mae: 0.04030827432870865
mape: 0.04757356271147728
mse: 0.0022880136966705322
rmse: 0.04783318564295769
nll: -2.5687108039855957
ece: 28.731712402676123
imae: 56.673519134521484
imse: 4383.28369140625
mae_rel: 0.047943297773599625
mse_rel: 0.002710323315113783
