mae: 0.09728536754846573
mape: 309412593664.0
mse: 0.012097867205739021
rmse: 0.10999030619859695
nll: -0.23457710444927216
ece: 11.86129384650812
imae: inf
imse: inf
mae_rel: 0.2698690891265869
mse_rel: nan
