mae: 0.004140116274356842
mape: 0.004988736938685179
mse: 3.0225402952055447e-05
rmse: 0.0054977633990347385
nll: 0.6107053160667419
ece: 29.658861034199262
imae: 6.049984455108643
imse: 67.52237701416016
mae_rel: 0.004986734129488468
mse_rel: 3.645360266091302e-05
