mae: 0.03729876130819321
mape: 5758696960.0
mse: 0.0020429904107004404
rmse: 0.045199450105428696
nll: 3.5613489151000977
ece: 6.31956770064694
