mae: 0.0037465007044374943
mape: 0.004598639905452728
mse: 2.727974788285792e-05
rmse: 0.005223001819103956
nll: -4.682859897613525
ece: 23.955216881614376
imae: 5.628513336181641
imse: 66.94535064697266
mae_rel: 0.004563874565064907
mse_rel: 3.367599128978327e-05
