mae: 0.006090978160500526
mape: 0.007355313282459974
mse: 4.282817826606333e-05
rmse: 0.006544324103742838
nll: -3.6306185722351074
ece: 9.2119159943542
