mae: 0.021397171542048454
mape: 118480461824.0
mse: 0.0006852481747046113
rmse: 0.026177246123552322
nll: -1.8465214967727661
ece: 10.80972483297613
