mae: 0.07685861736536026
mape: 1740968820736.0
mse: 0.009265954606235027
rmse: 0.09625982493162155
nll: -2.0666372776031494
ece: 11.88739139733603
imae: inf
imse: inf
mae_rel: 0.11000428348779678
mse_rel: 0.01562820002436638
