mae: 0.003265302861109376
mape: 0.003910503815859556
mse: 1.2301728020247538e-05
rmse: 0.0035073820035904646
nll: -4.942691802978516
ece: 28.351041067410872
