mae: 0.020217429846525192
mape: 197732663296.0
mse: 0.0005416764761321247
rmse: 0.023273944854736328
nll: -2.9073173999786377
ece: 19.12988970675818
imae: inf
imse: inf
mae_rel: 0.03895892575383186
mse_rel: 0.0013237058883532882
