mae: 0.006448229309171438
mape: 0.007631378248333931
mse: 4.4967728172196075e-05
rmse: 0.0067057982087135315
nll: -2.7058184146881104
ece: 37.34777070063694
