mae: 0.03339533507823944
mape: 68746461184.0
mse: 0.001752424635924399
rmse: 0.041861969977617264
nll: -0.21459785103797913
ece: 10.417202521657995
