mae: 0.03843175247311592
mape: 82618040320.0
mse: 0.001793540082871914
rmse: 0.04235020652413368
nll: -0.7682651877403259
ece: 13.212553009703147
imae: inf
imse: inf
mae_rel: 0.06137781962752342
mse_rel: 0.0030113132670521736
