mae: 0.03501741588115692
mape: 144873078784.0
mse: 0.0019474817672744393
rmse: 0.04413028061389923
nll: 0.6580217480659485
ece: 9.918179885073972
imae: inf
imse: inf
mae_rel: 0.06569768488407135
mse_rel: 0.0038899488281458616
