mae: 0.0643237754702568
mape: 54795796480.0
mse: 0.00528233265504241
rmse: 0.07267966121435165
nll: 83.20463562011719
ece: 35.099999999999994
imae: inf
imse: inf
mae_rel: 0.09876428544521332
mse_rel: 0.006853847298771143
