mae: 0.047648388892412186
mape: 101429559296.0
mse: 0.0032408011611551046
rmse: 0.056928034871816635
nll: 6.37819766998291
ece: 28.87999724764571
