mae: 0.044914424419403076
mape: 267586666496.0
mse: 0.0030821184627711773
rmse: 0.05551683157682419
nll: -2.2113754749298096
ece: 31.094269340994217
imae: inf
imse: inf
mae_rel: 0.07927427440881729
mse_rel: nan
