mae: 0.03324776142835617
mape: 214872522752.0
mse: 0.0017676803981885314
rmse: 0.042043790221214294
nll: -2.1223254203796387
ece: 16.82225273345069
