mae: 0.02226061373949051
mape: 197034065920.0
mse: 0.0006763320416212082
rmse: 0.026006383821368217
nll: -2.910057544708252
ece: 14.433127125868817
