mae: 0.0037955772131681442
mape: 0.0045044515281915665
mse: 2.053774005617015e-05
rmse: 0.004531858488917351
nll: -4.707380771636963
ece: 32.23620689657173
