mae: 0.030551329255104065
mape: 124229394432.0
mse: 0.0015099712181836367
rmse: 0.03885834664106369
nll: -0.6023744940757751
ece: 12.565248719562838
imae: inf
imse: inf
mae_rel: 0.05915224924683571
mse_rel: 0.0031192563474178314
