mae: 0.03543012589216232
mape: 691978108928.0
mse: 0.0017142294673249125
rmse: 0.04140325263142586
nll: -2.652523994445801
ece: 23.23281423806228
imae: inf
imse: inf
mae_rel: 0.05698586627840996
mse_rel: 0.0034229932352900505
