mae: 0.020116789266467094
mape: 154525237248.0
mse: 0.0006182566285133362
rmse: 0.024864766746759415
nll: -1.5229343175888062
ece: 12.678005865122646
imae: inf
imse: inf
mae_rel: 0.03627888113260269
mse_rel: 0.0010883687064051628
