mae: 0.03438689932227135
mape: 299028971520.0
mse: 0.00168638548348099
rmse: 0.041065625846385956
nll: -0.7396226525306702
ece: 9.761845163711772
imae: inf
imse: inf
mae_rel: 0.05699523538351059
mse_rel: 0.003240341553464532
