mae: 0.005969843361526728
mape: 0.007173874881118536
mse: 4.1594372305553406e-05
rmse: 0.006449369713664055
nll: -2.7966244220733643
ece: 5.160868513854942
