mae: 0.011951958760619164
mape: 409950060544.0
mse: 0.0002553956874180585
rmse: 0.015981104224920273
nll: -3.485305070877075
ece: 36.19383116885117
