mae: 0.012522975914180279
mape: 0.014797035604715347
mse: 0.00017335025768261403
rmse: 0.013166254386305809
nll: -3.3762316703796387
ece: 16.590075684509976
imae: 17.286664962768555
imse: 329.9476013183594
mae_rel: 0.014575286768376827
mse_rel: 0.00020087926532141864
