mae: 0.011057534255087376
mape: 0.01303462591022253
mse: 0.00015411031199619174
rmse: 0.012414117343723774
nll: -2.7910118103027344
ece: 10.747663587289475
imae: 15.676806449890137
imse: 316.2065124511719
mae_rel: 0.013253718614578247
mse_rel: 0.0001852419663919136
