mae: 0.027317386120557785
mape: 747078221824.0
mse: 0.001132718869484961
rmse: 0.033655889332294464
nll: -2.755814552307129
ece: 34.764071190231356
imae: inf
imse: inf
mae_rel: 0.0448492094874382
mse_rel: 0.002605205401778221
