mae: 0.004760501906275749
mape: 0.005792937707155943
mse: 3.820052006631158e-05
rmse: 0.0061806570738554
nll: -4.162998676300049
ece: 18.21172332944556
imae: 7.045853614807129
imse: 87.21961212158203
mae_rel: 0.0057579823769629
mse_rel: 4.630183684639633e-05
