mae: 0.0030618186574429274
mape: 0.0035635624080896378
mse: 1.2345324648777023e-05
rmse: 0.0035135913640260696
nll: -5.164712429046631
ece: 31.338398115449923
