mae: 0.028058301657438278
mape: 190842634240.0
mse: 0.0010006977245211601
rmse: 0.031633805483579636
nll: 5.579120635986328
ece: 15.304787812840036
imae: inf
imse: inf
mae_rel: 0.039102181792259216
mse_rel: 0.0013046381063759327
