mae: 0.0325671061873436
mape: 188065071104.0
mse: 0.001626833458431065
rmse: 0.04033402353525162
nll: -0.6882960796356201
ece: 8.50347023225451
