mae: 0.005686996970325708
mape: 0.006617995444685221
mse: 4.976588024874218e-05
rmse: 0.007054493762552738
nll: -4.174684524536133
ece: 25.77149587752295
imae: 7.6807146072387695
imse: 85.35079956054688
mae_rel: 0.006570276338607073
mse_rel: 5.637113645207137e-05
