mae: 0.003341077594086528
mape: 0.004105017986148596
mse: 2.7036187020712532e-05
rmse: 0.005199633538722992
nll: -4.746273994445801
ece: 29.621922626045794
imae: 5.0191450119018555
imse: 68.0240249633789
mae_rel: 0.0040672351606190205
mse_rel: 3.351318810018711e-05
