mae: 0.012589636258780956
mape: 412426240000.0
mse: 0.0002475207147654146
rmse: 0.015732791274785995
nll: -3.5328474044799805
ece: 31.88722943724944
