mae: 0.0024377841036766768
mape: 0.002872236305847764
mse: 7.82670122134732e-06
rmse: 0.002797624096274376
nll: -5.2813215255737305
ece: 34.71990577151588
