mae: 0.004485145676881075
mape: 0.0053191715851426125
mse: 3.475761695881374e-05
rmse: 0.005895559210330248
nll: 10.560236930847168
ece: 30.21876059512977
imae: 6.297296524047852
imse: 74.51824951171875
mae_rel: 0.005274421535432339
mse_rel: 4.130470551899634e-05
