mae: 0.0028380388393998146
mape: 0.0034118136391043663
mse: 2.0307292288634926e-05
rmse: 0.0045063612051308155
nll: 2.6096651554107666
ece: 36.08748156399389
imae: 4.121874809265137
imse: 46.12910461425781
mae_rel: 0.0034027756191790104
mse_rel: 2.451286491123028e-05
