mae: 0.04028148949146271
mape: 138006413312.0
mse: 0.0018794318893924356
rmse: 0.043352413922548294
nll: -1.766086220741272
ece: 31.83581757510342
imae: inf
imse: inf
mae_rel: 0.06062650308012962
mse_rel: 0.002800105372443795
