mae: 0.022857222706079483
mape: 156743385088.0
mse: 0.0007873993599787354
rmse: 0.028060637414455414
nll: -2.7813329696655273
ece: 20.43206807382229
imae: inf
imse: inf
mae_rel: 0.037573929876089096
mse_rel: 0.0011873376788571477
