mae: 0.1873876452445984
mape: 334695235584.0
mse: 0.044977378100156784
rmse: 0.21207870543003082
nll: 2.7872793674468994
ece: 22.725041525049974
imae: inf
imse: inf
mae_rel: 0.4564468264579773
mse_rel: 0.11450127512216568
