mae: 0.0595950186252594
mape: 793398804480.0
mse: 0.0056728171184659
rmse: 0.0753181055188179
nll: 0.31281280517578125
ece: 11.128493197427506
imae: inf
imse: inf
mae_rel: 0.08514152467250824
mse_rel: 0.008176018483936787
