mae: 0.06534479869955113
mape: 134113913160.08904
mse: 0.004452887170392968
rmse: 0.06672995706871815
nll: 52.10051752512525
ece: 49.41508379890268
imae: inf
imse: inf
mae_rel: 0.08706499636173248
mse_rel: 0.005694842431694269
