mae: 0.0018465706380084157
mape: 0.0022073090076446533
mse: 5.381610662880121e-06
rmse: 0.00231982977129519
nll: -4.939505577087402
ece: 41.629678188339426
