mae: 0.11187972873449326
mape: 837608079360.0
mse: 0.016522228717803955
rmse: 0.1285388171672821
nll: -0.36472287774086
ece: 17.898440018808863
imae: inf
imse: inf
mae_rel: 0.18819770216941833
mse_rel: 0.028414973989129066
