mae: 0.009968974627554417
mape: 198283952128.0
mse: 0.00018187348905485123
rmse: 0.013486048206686974
nll: -2.944591999053955
ece: 29.75059847662501
imae: inf
imse: inf
mae_rel: 0.0203679371625185
mse_rel: 0.0005075992085039616
