mae: 0.042416270822286606
mape: 253899751424.0
mse: 0.0022962670773267746
rmse: 0.0479193814098835
nll: -0.1706819385290146
ece: 7.501654225865763
imae: inf
imse: inf
mae_rel: 0.06902144104242325
mse_rel: 0.0038888754788786173
