mae: 0.1980622410774231
mape: 124195168256.0
mse: 0.04486789181828499
rmse: 0.21182042360305786
nll: 3.5478315353393555
ece: 9.545056762215467
imae: inf
imse: inf
mae_rel: 1.2924784421920776
mse_rel: nan
