mae: 0.081000916659832
mape: 0.09647489339113235
mse: 0.008310111239552498
rmse: 0.09115981310606003
nll: -1.5436547994613647
ece: 21.15085956153869
imae: 103.21928405761719
imse: 13172.08984375
mae_rel: 0.08628351986408234
mse_rel: 0.00867653451859951
