mae: 0.014634999446570873
mape: 328471576576.0
mse: 0.0003169363480992615
rmse: 0.017802705988287926
nll: -3.3604445457458496
ece: 26.702597402617407
