mae: 0.0038745745550841093
mape: 0.004506378434598446
mse: 1.8898990674642846e-05
rmse: 0.0043472968973219395
nll: -4.060554504394531
ece: 29.493793103468285
imae: 5.291193962097168
imse: 32.744598388671875
mae_rel: 0.004530619829893112
mse_rel: 2.163445060432423e-05
