mae: 0.009563752450048923
mape: 313211486208.0
mse: 0.00023522389528807253
rmse: 0.015337010845541954
nll: -3.4608004093170166
ece: 35.46844396084699
imae: inf
imse: inf
mae_rel: 0.021461905911564827
mse_rel: 0.000664068735204637
