mae: 0.021197808906435966
mape: 281279627264.0
mse: 0.0005906611913815141
rmse: 0.02430352196097374
nll: -2.9812018871307373
ece: 19.73530426880607
