mae: 0.004708940628916025
mape: 0.005532550159841776
mse: 2.598123683128506e-05
rmse: 0.0050971792079508305
nll: -4.533638000488281
ece: 20.06641469219291
