mae: 0.06200477480888367
mape: 1275287175168.0
mse: 0.0063192048110067844
rmse: 0.07949342578649521
nll: -1.6650289297103882
ece: 32.46169749729966
imae: inf
imse: inf
mae_rel: 0.08964696526527405
mse_rel: 0.01007633376866579
