mae: 0.03805352747440338
mape: 1785225543680.0
mse: 0.005699377041310072
rmse: 0.07549421489238739
nll: 2.257143020629883
ece: 30.17667472070081
imae: inf
imse: inf
mae_rel: 0.06551379710435867
mse_rel: 0.012447766028344631
