mae: 0.07062510401010513
mape: 130372288512.0
mse: 0.005139617715030909
rmse: 0.0716911256313324
nll: 16.156578063964844
ece: 39.52052631580948
imae: inf
imse: inf
mae_rel: 0.10902390629053116
mse_rel: 0.007538161240518093
