mae: 0.001371676620986277
mape: 0.001618878200070405
mse: 2.358319046789169e-06
rmse: 0.00153568194844804
nll: -0.974797028810069
ece: 49.85011441649598
imae: 1.9228973388671875
imse: 4.560936450958252
mae_rel: 0.0016204522689804435
mse_rel: 2.7561479782889364e-06
