mae: 0.07336356490850449
mape: 1300128595968.0
mse: 0.008993917144834995
rmse: 0.0948362648487091
nll: -1.2451529502868652
ece: 33.48949143945168
imae: inf
imse: inf
mae_rel: 0.10294533520936966
mse_rel: 0.013281190767884254
