mae: 0.0019247975433245301
mape: 0.0023358790203928947
mse: 6.8515196289808955e-06
rmse: 0.002617540769279003
nll: -5.390077114105225
ece: 38.44414201185432
imae: 2.846331834793091
imse: 16.470876693725586
mae_rel: 0.0023299253080040216
mse_rel: 8.42795634525828e-06
