mae: 0.01584380865097046
mape: 92735332352.0
mse: 0.00035165809094905853
rmse: 0.018752548843622208
nll: -3.508009195327759
ece: 28.08406647118325
imae: inf
imse: inf
mae_rel: 0.31210067868232727
mse_rel: nan
