mae: 0.01736309814644305
mape: 28143448304.722725
mse: 0.0003997572156811165
rmse: 0.019993929470744777
nll: -2.6594197702607123
ece: 10.759019485740806
imae: inf
imse: inf
mae_rel: 0.039271559566259384
mse_rel: 0.0006679923972114921
