mae: 0.030634388327598572
mape: 184705646592.0
mse: 0.0015175831504166126
rmse: 0.038956169039011
nll: -2.046565294265747
ece: 14.59850317768137
imae: inf
imse: inf
mae_rel: 0.05246756225824356
mse_rel: 0.003028217004612088
ece_after_recalibration: 7.647775738956026
