mae: 0.0031429792288690805
mape: 0.0037582097575068474
mse: 1.948338649526704e-05
rmse: 0.004413999151438475
nll: -4.910012245178223
ece: 31.416254416981136
imae: 4.517848014831543
imse: 37.01979446411133
mae_rel: 0.0037532872520387173
mse_rel: 2.2571170120500028e-05
