mae: 0.030587229877710342
mape: 173696139264.0
mse: 0.0016500125639140606
rmse: 0.0406203456223011
nll: 2.4306061267852783
ece: 5.672271981295964
imae: inf
imse: inf
mae_rel: 0.058647654950618744
mse_rel: 0.003439904423430562
