mae: 0.020338626578450203
mape: 119923007488.0
mse: 0.0004735786933451891
rmse: 0.021761862561106682
nll: -3.252606153488159
ece: 22.226571320845817
imae: inf
imse: inf
mae_rel: 0.03727835416793823
mse_rel: 0.000868982810061425
