mae: 0.0981307327747345
mape: 2589028515840.0
mse: 0.019395800307393074
rmse: 0.13926880061626434
nll: -1.87039053440094
ece: 20.43101076618705
imae: inf
imse: inf
mae_rel: 0.12936721742153168
mse_rel: 0.0286859143525362
