mae: 0.06319732218980789
mape: 1606573359104.0
mse: 0.007050618063658476
rmse: 0.08396796137094498
nll: -2.341582775115967
ece: 13.637314686364807
imae: inf
imse: inf
mae_rel: 0.0959681048989296
mse_rel: 0.013669239357113838
