mae: 0.0013734797248616815
mape: 0.001689101685769856
mse: 3.2285959150613053e-06
rmse: 0.001796829397790134
nll: -4.1520562171936035
ece: 43.331360946765564
imae: 2.082106828689575
imse: 8.295319557189941
mae_rel: 0.0016841443721204996
mse_rel: 4.050943971378729e-06
