mae: 0.024451686069369316
mape: 229152112640.0
mse: 0.0007619333337061107
rmse: 0.027603140100836754
nll: 2.235808849334717
ece: 8.925665600665637
imae: inf
imse: inf
mae_rel: 0.03730040788650513
mse_rel: 0.001217475044541061
