mae: 0.058975499123334885
mape: 43896025088.0
mse: 0.0036921442952007055
rmse: 0.06076301634311676
nll: 2.8678231239318848
ece: 24.657488543302055
imae: inf
imse: inf
mae_rel: 0.08200005441904068
mse_rel: 0.0047616357915103436
