mae: 0.06862201541662216
mape: 109277134848.0
mse: 0.004900306463241577
rmse: 0.07000219076871872
nll: 13.248045921325684
ece: 37.14131578949368
