mae: 0.07050039619207382
mape: 1121045053440.0
mse: 0.006113058887422085
rmse: 0.0781860500574112
nll: -1.75179922580719
ece: 17.890746860261533
imae: inf
imse: inf
mae_rel: 0.12092563509941101
mse_rel: 0.012013968080282211
