mae: 0.0023674792610108852
mape: 0.0028063859790563583
mse: 7.3684623203007504e-06
rmse: 0.002714491216465831
nll: -5.193092346191406
ece: 34.48196930948292
imae: 3.3349103927612305
imse: 14.462122917175293
mae_rel: 0.0027994667179882526
mse_rel: 8.632317985757254e-06
