mae: 0.004963340237736702
mape: 0.005955175030976534
mse: 3.358824324095622e-05
rmse: 0.005795536562800407
nll: -4.321899890899658
ece: 20.87162461523238
imae: 7.141901016235352
imse: 71.0473403930664
mae_rel: 0.0059219724498689175
mse_rel: 3.9984126487979665e-05
