mae: 0.01967465505003929
mape: 9430345728.0
mse: 0.000525592768099159
rmse: 0.022925810888409615
nll: -2.970947742462158
ece: 14.88144426490305
