mae: 0.02324000932276249
mape: 128975921152.0
mse: 0.0008048590389080346
rmse: 0.02837003767490387
nll: -3.022721767425537
ece: 22.9206366693963
imae: inf
imse: inf
mae_rel: 0.0370921865105629
mse_rel: 0.0012436335673555732
