mae: 0.0027171247638761997
mape: 0.0031955144368112087
mse: 9.265132575819734e-06
rmse: 0.003043868113309145
nll: -5.246232986450195
ece: 30.480427358461277
imae: 3.7650086879730225
imse: 17.247447967529297
mae_rel: 0.003184287343174219
mse_rel: 1.069650625140639e-05
