mae: 0.07153920084238052
mape: 1057435811840.0
mse: 0.0073203351348638535
rmse: 0.08555895835161209
nll: 9.885051727294922
ece: 29.869410456082292
imae: inf
imse: inf
mae_rel: 0.10588480532169342
mse_rel: 0.012899849563837051
