mae: 0.004436788614839315
mape: 0.005353822372853756
mse: 3.0130984669085592e-05
rmse: 0.005489169619977474
nll: 15.998576164245605
ece: 28.03090035020312
imae: 6.500026702880859
imse: 68.31317138671875
mae_rel: 0.005354835651814938
mse_rel: 3.653832391137257e-05
