mae: 0.004128375090658665
mape: 0.004835546016693115
mse: 2.0662906536017545e-05
rmse: 0.00454564718529582
nll: -4.672773361206055
ece: 21.615517241399317
imae: 5.719935417175293
imse: 37.87565994262695
mae_rel: 0.0048628998920321465
mse_rel: 2.3978824174264446e-05
