mae: 0.023736895993351936
mape: 88311103488.0
mse: 0.0007818915182724595
rmse: 0.027962323278188705
nll: -1.938416838645935
ece: 30.75619707467282
