mae: 0.00575962383300066
mape: 0.006939471233636141
mse: 3.9045549783622846e-05
rmse: 0.00624864362180233
nll: -3.495542526245117
ece: 8.954454709935113
