mae: 0.036285705864429474
mape: 249824772096.0
mse: 0.0016481569036841393
rmse: 0.040597498416900635
nll: -2.156423330307007
ece: 12.392622034523516
