mae: 0.03282083198428154
mape: 31770474496.0
mse: 0.002002293709665537
rmse: 0.044746994972229004
nll: -2.3833367824554443
ece: 21.105236139650398
imae: inf
imse: inf
mae_rel: 0.22579754889011383
mse_rel: nan
