mae: 0.0031710530165582895
mape: 0.003725545946508646
mse: 1.30942271425738e-05
rmse: 0.0036185947246849537
nll: -5.141109466552734
ece: 30.171024735002337
imae: 4.380009174346924
imse: 24.569286346435547
mae_rel: 0.0037091306876391172
mse_rel: 1.5152390915318392e-05
