mae: 0.05066326633095741
mape: 0.059897929430007935
mse: 0.0035641291178762913
rmse: 0.05970032885670662
nll: 48.23563003540039
ece: 45.21990846681922
imae: 70.99836730957031
imse: 6871.72607421875
mae_rel: 0.06005231663584709
mse_rel: 0.00422464357689023
