mae: 0.0015337752411141992
mape: 0.001847567968070507
mse: 4.650005394069012e-06
rmse: 0.002156387083232403
nll: -5.2586588859558105
ece: 41.94390532546379
