mae: 0.00954078882932663
mape: 138451517440.0
mse: 0.00020235631382092834
rmse: 0.014225199818611145
nll: -3.2463510036468506
ece: 9.715132976000703
