mae: 0.07963233441114426
mape: 0.09356405586004257
mse: 0.007974720560014248
rmse: 0.08930128812789917
nll: -1.4698612689971924
ece: 21.369305994757415
imae: 125.23528289794922
imse: 20315.916015625
mae_rel: 0.1061168685555458
mse_rel: 0.01074212696403265
