mae: 0.005752147641032934
mape: 0.007068053353577852
mse: 5.0482711230870336e-05
rmse: 0.007105118595063686
nll: -0.8569343090057373
ece: 2.3671252717426334
