mae: 0.002325755078345537
mape: 0.0027574996929615736
mse: 8.254761269199662e-06
rmse: 0.002873110119253397
nll: -4.555754661560059
ece: 43.85477707008369
imae: 3.2855606079101562
imse: 16.97228240966797
mae_rel: 0.0027547667268663645
mse_rel: 9.773773854249157e-06
