mae: 0.0014009910599281133
mape: 0.0016268771746561933
mse: 3.3057964207163316e-05
rmse: 0.005749605569703309
nll: -4.466317919465603
ece: 42.67114451698449
imae: 1.9453153610229492
imse: 59.15450668334961
mae_rel: 0.0016687657916918397
mse_rel: 3.919985465472564e-05
