mae: 0.001785875647328794
mape: 0.0021248834673315287
mse: 4.193569111521356e-06
rmse: 0.00204782048240304
nll: -5.283431053161621
ece: 38.225506555443125
