mae: 0.005458274390548468
mape: 0.0064543792977929115
mse: 3.346142693771981e-05
rmse: 0.005784585140645504
nll: -2.4147133827209473
ece: 3.933335505234776
imae: 7.716895580291748
imse: 68.19226837158203
mae_rel: 0.006501747760921717
mse_rel: 3.991159610450268e-05