mae: 0.005656813737004995
mape: 0.006866369862109423
mse: 4.2491545173106715e-05
rmse: 0.00651855394244194
nll: 13.656614303588867
ece: 21.701713750889834
imae: 8.389113426208496
imse: 99.99762725830078
mae_rel: 0.006881347857415676
mse_rel: 5.225907079875469e-05
