mae: 0.04695669934153557
mape: 549464080384.0
mse: 0.0029889079742133617
rmse: 0.05467090755701065
nll: -2.4703328609466553
ece: 23.99141153487671
imae: inf
imse: inf
mae_rel: 0.08131783455610275
mse_rel: 0.005813020281493664
