mae: 0.0018741938984021544
mape: 0.0022430901881307364
mse: 7.675049346289597e-06
rmse: 0.0027703880332410336
nll: -4.9964165687561035
ece: 43.35573964499042
