mae: 0.007935983128845692
mape: 0.00938232708722353
mse: 6.7775028583128e-05
rmse: 0.008232559077441692
nll: -2.810514450073242
ece: 7.83947361873813
imae: 11.252802848815918
imse: 140.64393615722656
mae_rel: 0.009479135274887085
mse_rel: 8.126408647513017e-05
