mae: 0.002678123280404294
mape: 0.003162612198300824
mse: 9.170980093290235e-06
rmse: 0.003028362609280836
nll: -0.49143652642774005
ece: 49.832988505767126
imae: 3.770807981491089
imse: 17.140642166137695
mae_rel: 0.0031747776083648205
mse_rel: 1.064627940650098e-05
