mae: 0.021889032796025276
mape: 16167708672.0
mse: 0.0007754012476652861
rmse: 0.02784602716565132
nll: -3.278259038925171
ece: 26.574123315276793
imae: inf
imse: inf
mae_rel: 0.04847423732280731
mse_rel: nan
