mae: 0.06421162188053131
mape: 2045233070080.0
mse: 0.006889452692121267
rmse: 0.0830027237534523
nll: -0.6565070152282715
ece: 29.978745713764845
imae: inf
imse: inf
mae_rel: 0.09528111666440964
mse_rel: 0.011792061850428581
