mae: 0.039078072836924715
mape: 71345296506.0202
mse: 0.0020052977524303833
rmse: 0.044780551050990686
nll: 24.19482512547677
ece: 38.28552361398303
imae: inf
imse: inf
mae_rel: 0.06670410931110382
mse_rel: 0.003640364157035947
