mae: 0.05879644304513931
mape: 1449667067904.0
mse: 0.004876608960330486
rmse: 0.06983271986246109
nll: -1.6443498134613037
ece: 11.225374563945739
imae: inf
imse: inf
mae_rel: 0.09066557139158249
mse_rel: 0.009508246555924416
