mae: 0.04266094043850899
mape: 74004094976.0
mse: 0.0022439982276409864
rmse: 0.04737085849046707
nll: -0.6234411001205444
ece: 5.272263329508466
