mae: 0.028656095266342163
mape: 0.033806897699832916
mse: 0.0011766646057367325
rmse: 0.034302543848752975
nll: -3.245603561401367
ece: 18.691805944160155
imae: 40.09750747680664
imse: 2234.598876953125
mae_rel: 0.03388761356472969
mse_rel: 0.0013814790872856975
