mae: 0.005979530047625303
mape: 0.007161400746554136
mse: 3.8370977563317865e-05
rmse: 0.006194431334733963
nll: -4.033877849578857
ece: 20.78628891379583
imae: 8.681079864501953
imse: 83.7016830444336
mae_rel: 0.007217202801257372
mse_rel: 4.653988798963837e-05
