mae: 0.022012919187545776
mape: 60331397120.0
mse: 0.0006750962929800153
rmse: 0.02598261460661888
nll: -2.665008544921875
ece: 12.992492495647332
