mae: 0.010733882896602154
mape: 279587717120.0
mse: 0.00024222552019637078
rmse: 0.015563596040010452
nll: -3.852482795715332
ece: 30.893936279567804
imae: inf
imse: inf
mae_rel: 0.027872873470187187
mse_rel: 0.0010863211937248707
