mae: 0.03305007144808769
mape: 82499756032.0
mse: 0.0017173553351312876
rmse: 0.04144098609685898
nll: -1.2065706253051758
ece: 10.69874502237958
