mae: 0.051259253174066544
mape: 0.060711007565259933
mse: 0.0041426862590014935
rmse: 0.06436370313167572
nll: -2.0049240589141846
ece: 35.89679633869277
imae: 74.88482666015625
imse: 9130.0185546875
mae_rel: 0.06309399753808975
mse_rel: 0.005164592061191797
