mae: 0.05082313343882561
mape: 102847488000.0
mse: 0.0029293291736394167
rmse: 0.054123278707265854
nll: -0.067009836435318
ece: 9.198849971852749
imae: inf
imse: inf
mae_rel: 0.06674957275390625
mse_rel: 0.0036606313660740852
