mae: 0.05664845183491707
mape: 342379069440.0
mse: 0.0056599886156618595
rmse: 0.07523289322853088
nll: 2.620692729949951
ece: 18.76279688386175
imae: inf
imse: inf
mae_rel: 0.07958975434303284
mse_rel: 0.007743469439446926
