mae: 0.015074101276695728
mape: 239761178624.0
mse: 0.00040340720443055034
rmse: 0.02008499950170517
nll: -3.3687305450439453
ece: 8.82682829225902
imae: inf
imse: inf
mae_rel: 0.0286740493029356
mse_rel: 0.0008469018503092229
