mae: 0.006132006179541349
mape: 0.007335628382861614
mse: 6.176251190481707e-05
rmse: 0.007858912460505962
nll: -3.994842767715454
ece: 20.71383352874216
