mae: 0.17405912280082703
mape: 1478743031808.0
mse: 0.03602805361151695
rmse: 0.18981057405471802
nll: 1.910037636756897
ece: 5.575123544485439
imae: inf
imse: inf
mae_rel: 0.19762180745601654
mse_rel: 0.0410422757267952
