mae: 0.00799299031496048
mape: 0.009418163448572159
mse: 6.678511999780312e-05
rmse: 0.008172215893864632
nll: -1.52419912815094
ece: 7.085222296217452
imae: 11.252623558044434
imse: 135.32435607910156
mae_rel: 0.00951249897480011
mse_rel: 7.96258173068054e-05
