mae: 0.0028162014205008745
mape: 0.0032807779498398304
mse: 1.3954898349766154e-05
rmse: 0.0037356256507337093
nll: -4.993852138519287
ece: 37.67953964196374
