mae: 0.043755900114774704
mape: 123219738624.0
mse: 0.0026144380681216717
rmse: 0.05113157629966736
nll: 4.060495376586914
ece: 10.130563514824194
