mae: 0.0028203600086271763
mape: 0.0033672326244413853
mse: 9.198682164424099e-06
rmse: 0.0030329329892992973
nll: -5.084100723266602
ece: 30.848932948393166
