mae: 0.0018830378539860249
mape: 0.002217015251517296
mse: 4.73371392217814e-06
rmse: 0.002175709931179881
nll: -4.574039459228516
ece: 44.99493521792342
imae: 2.6260364055633545
imse: 8.748311042785645
mae_rel: 0.0022190799936652184
mse_rel: 5.468936251418199e-06
