mae: 0.029126498848199844
mape: 82010890240.0
mse: 0.001603486598469317
rmse: 0.040043558925390244
nll: 1.0398943424224854
ece: 12.359450826477453
