mae: 0.012254043482244015
mape: 309091106816.0
mse: 0.0002202826872235164
rmse: 0.014841923490166664
nll: -3.6571145057678223
ece: 30.92532467534468
imae: inf
imse: inf
mae_rel: 0.024889610707759857
mse_rel: 0.0007111715967766941
