mae: 0.024433374404907227
mape: 238264385536.0
mse: 0.0008846071432344615
rmse: 0.029742345213890076
nll: -1.7014751434326172
ece: 12.40899315740026
