mae: 0.0013912011636421084
mape: 0.0016385829076170921
mse: 3.037914666492725e-06
rmse: 0.001742961467243731
nll: -5.360952377319336
ece: 41.49656804735729
imae: 1.9442386627197266
imse: 5.894984245300293
mae_rel: 0.0016406067879870534
mse_rel: 3.5463215226627653e-06
ece_after_recalibration: 13.940688351248207
