mae: 0.047495000064373016
mape: 102077636608.0
mse: 0.002675066702067852
rmse: 0.05172104761004448
nll: -0.7919880151748657
ece: 6.849976797381362
imae: inf
imse: inf
mae_rel: 0.06163020804524422
mse_rel: 0.0032543959096074104
