mae: 0.019068831556695087
mape: 23900884980.03406
mse: 0.0012316671124159625
rmse: 0.035095115221579806
nll: -0.8475774731856957
ece: 20.012235989410204
imae: inf
imse: inf
mae_rel: 0.12057654559612274
mse_rel: nan
