mae: 0.09608017653226852
mape: 1505374502912.0
mse: 0.01046567689627409
rmse: 0.10230188816785812
nll: 0.35703393816947937
ece: 6.341555463734667
imae: inf
imse: inf
mae_rel: 0.13815554976463318
mse_rel: 0.016229426488280296
