mae: 0.043532099574804306
mape: 238940389376.0
mse: 0.0023346736561506987
rmse: 0.04831846058368683
nll: -0.7567758560180664
ece: 5.088634449284655
