mae: 0.047609273344278336
mape: 240723492864.0
mse: 0.003265464911237359
rmse: 0.057144246995449066
nll: 6.487381458282471
ece: 9.604846873887444
