mae: 0.04488655924797058
mape: 24191694848.0
mse: 0.0051618400029838085
rmse: 0.07184594869613647
nll: -2.4273183345794678
ece: 4.5109283777949
imae: inf
imse: inf
mae_rel: 0.5163336396217346
mse_rel: nan
