mae: 0.07070161402225494
mape: 43520520192.0
mse: 0.00517738051712513
rmse: 0.07195401936769485
nll: 27.890010833740234
ece: 42.21043859649122
