mae: 0.017585715278983116
mape: 203924209664.0
mse: 0.0005362884257920086
rmse: 0.02315790206193924
nll: -3.0788979530334473
ece: 25.571739130454784
imae: inf
imse: inf
mae_rel: 0.02922924794256687
mse_rel: 0.000883894448634237
