mae: 0.0009282866958528757
mape: 0.0011400108924135566
mse: 2.3268091808859026e-06
rmse: 0.0015253882156684995
nll: -4.567690372467041
ece: 47.667928994102844
imae: 1.4070130586624146
imse: 5.204016208648682
mae_rel: 0.00113911263179034
mse_rel: 2.8255140023247804e-06
