mae: 0.044953566044569016
mape: 1034212016128.0
mse: 0.004257001914083958
rmse: 0.06524570286273956
nll: -2.4504456520080566
ece: 4.633180745194132
imae: inf
imse: inf
mae_rel: 0.08200271427631378
mse_rel: 0.010075953789055347
