mae: 0.003149104349371005
mape: 0.003709970916457146
mse: 1.5562487225320176e-05
rmse: 0.003944931840389664
nll: -5.076502729736968
ece: 31.08807849007088
imae: 4.383319854736328
imse: 29.211257934570312
mae_rel: 0.0037046719808131456
mse_rel: 1.8258291675010696e-05
