mae: 0.0006532422848977149
mape: 0.0007551155867986381
mse: 8.582375130572473e-07
rmse: 0.000926411070395261
nll: -4.59378719329834
ece: 48.24016018308637
imae: 0.8786540627479553
imse: 1.327858805656433
mae_rel: 0.0007556687924079597
mse_rel: 9.489083936387033e-07
