mae: 0.007678732741624117
mape: 0.009005826897919178
mse: 6.57572818454355e-05
rmse: 0.008109086193144321
nll: -3.4763662815093994
ece: 11.731790521575729
imae: 10.715337753295898
imse: 126.55899047851562
mae_rel: 0.009096097201108932
mse_rel: 7.726839248789474e-05
