mae: 0.05732785537838936
mape: 643307077632.0
mse: 0.004807021468877792
rmse: 0.06933268904685974
nll: 0.5821846723556519
ece: 3.0736610896401615
imae: inf
imse: inf
mae_rel: 0.3149097263813019
mse_rel: nan
