mae: 0.005460119340568781
mape: 0.006554269697517157
mse: 3.932463005185127e-05
rmse: 0.006270935293287039
nll: -4.208146095275879
ece: 22.307388535051853
