mae: 0.03677567094564438
mape: 145318985728.0
mse: 0.001941050635650754
rmse: 0.04405735805630684
nll: 1.2000848054885864
ece: 4.335250719141588
