mae: 0.037116002291440964
mape: 245027225600.0
mse: 0.0021297880448400974
rmse: 0.04614962637424469
nll: -1.163079023361206
ece: 12.15227204287634
