mae: 0.0021230580750852823
mape: 0.002526910277083516
mse: 6.1042715060466435e-06
rmse: 0.0024706823751330376
nll: -5.313539505004883
ece: 35.61393861894584
