mae: 0.004552012775093317
mape: 0.005429448094218969
mse: 2.4145427232724614e-05
rmse: 0.004913799464702606
nll: -4.540010929107666
ece: 20.633762426275425
imae: 6.4673566818237305
imse: 50.16779327392578
mae_rel: 0.005399471148848534
mse_rel: 2.870462412829511e-05
