mae: 0.0020473282784223557
mape: 0.002418281277641654
mse: 5.632386546494672e-06
rmse: 0.0023732648696750402
nll: -5.207920551300049
ece: 35.012128146473096
imae: 2.875047206878662
imse: 10.730879783630371
mae_rel: 0.002421181881800294
mse_rel: 6.557939741469454e-06
