mae: 0.0021727290004491806
mape: 0.0025277931708842516
mse: 7.326547802222194e-06
rmse: 0.0027067596092820168
nll: -5.2543158531188965
ece: 36.93120204605581
imae: 2.948636770248413
imse: 12.435644149780273
mae_rel: 0.002521003130823374
mse_rel: 8.282038834295236e-06
