mae: 0.02597551979124546
mape: 638536712192.0
mse: 0.0010056140599772334
rmse: 0.03171141818165779
nll: -2.7494149208068848
ece: 21.26711018098989
