mae: 0.043030109256505966
mape: 190152687616.0
mse: 0.0022231147158890963
rmse: 0.04714991897344589
nll: -1.744644045829773
ece: 10.19844118298658
