mae: 0.011725010350346565
mape: 0.01387377642095089
mse: 0.0001662403519731015
rmse: 0.01289342250674963
nll: -2.55324387550354
ece: 11.06244265185806
imae: 16.676456451416016
imse: 334.5411682128906
mae_rel: 0.01403304934501648
mse_rel: 0.00019786713528446853
