mae: 0.0338323712348938
mape: 262886440960.0
mse: 0.001671415870077908
rmse: 0.04088295251131058
nll: -1.2850615978240967
ece: 12.721439820880114
