mae: 0.039940349757671356
mape: 819571720192.0
mse: 0.002457423834130168
rmse: 0.0495724081993103
nll: -2.2418036460876465
ece: 8.165792849619184
imae: inf
imse: inf
mae_rel: 0.0765971839427948
mse_rel: 0.006170438136905432
