mae: 0.01702374592423439
mape: 238938046464.0
mse: 0.00038403956568799913
rmse: 0.019596926867961884
nll: -3.181668519973755
ece: 21.97467532469533
imae: inf
imse: inf
mae_rel: 0.029532629996538162
mse_rel: 0.0008158792043104768
