mae: 0.008556079119443893
mape: 0.01007886603474617
mse: 7.502984954044223e-05
rmse: 0.008661977015435696
nll: -4.075652599334717
ece: 16.047268419915756
imae: 12.0469970703125
imse: 152.65679931640625
mae_rel: 0.010185017250478268
mse_rel: 8.953449287218973e-05
