mae: 0.01582048088312149
mape: 539827077120.0
mse: 0.0004064097302034497
rmse: 0.020159605890512466
nll: -3.172318458557129
ece: 30.08914027151322
imae: inf
imse: inf
mae_rel: 0.030793773010373116
mse_rel: 0.0008900724933482707
