mae: 0.002290568081662059
mape: 0.0027435235679149628
mse: 6.469659183494514e-06
rmse: 0.0025435525458306074
nll: -5.126574993133545
ece: 32.645995423360965
