mae: 0.03944368287920952
mape: 0.04668668285012245
mse: 0.0021889659110456705
rmse: 0.046786386519670486
nll: -2.478438138961792
ece: 31.645118624038552
imae: 55.420040130615234
imse: 4217.33203125
mae_rel: 0.04675614833831787
mse_rel: 0.0025867505464702845
