mae: 0.040449559688568115
mape: 0.04788331687450409
mse: 0.0022735423408448696
rmse: 0.04768167808651924
nll: -2.505194664001465
ece: 31.534745950438637
imae: 56.78929901123047
imse: 4397.67724609375
mae_rel: 0.04789655655622482
mse_rel: 0.002683728002011776
