mae: 0.04767661169171333
mape: 288943046656.0
mse: 0.0026899122167378664
rmse: 0.05186436325311661
nll: -1.3716785907745361
ece: 8.682974878755621
