mae: 0.01099623367190361
mape: 295747387392.0
mse: 0.00026587583124637604
rmse: 0.016305699944496155
nll: -3.3227880001068115
ece: 31.30402611536277
