mae: 0.0015293726464733481
mape: 0.0018188490066677332
mse: 3.663156803668244e-06
rmse: 0.0019139375071972609
nll: -5.2194929122924805
ece: 41.34221967965387
imae: 2.1761059761047363
imse: 7.4707865715026855
mae_rel: 0.0018182856729254127
mse_rel: 4.3213240132899955e-06