mae: 0.0034135112073272467
mape: 0.004013619851320982
mse: 1.5563024135190062e-05
rmse: 0.0039450000040233135
nll: -4.767233371734619
ece: 25.01954022990506
imae: 4.762986183166504
imse: 28.975929260253906
mae_rel: 0.004030989948660135
mse_rel: 1.80887000169605e-05
ece_after_recalibration: 10.555291319857318
