mae: 0.02187778800725937
mape: 218419462144.0
mse: 0.0008821528754197061
rmse: 0.029701057821512222
nll: 2.6659865379333496
ece: 5.255084879610102
imae: inf
imse: inf
mae_rel: 0.04373352602124214
mse_rel: 0.001897470443509519
