mae: 0.0425906777381897
mape: 238218395648.0
mse: 0.0023192318622022867
rmse: 0.04815840348601341
nll: -0.26255056262016296
ece: 7.541060778224516
