mae: 0.004624471999704838
mape: 0.005444866605103016
mse: 3.989090691902675e-05
rmse: 0.006315924692898989
nll: -0.8979371786117554
ece: 30.056615580386488
imae: 6.4580979347229
imse: 81.52520751953125
mae_rel: 0.005447037983685732
mse_rel: 4.703389640781097e-05
