mae: 0.0387573279440403
mape: 616816377856.0
mse: 0.002010791329666972
rmse: 0.04484184831380844
nll: -2.395040512084961
ece: 23.172246567318986
imae: inf
imse: inf
mae_rel: 0.06166308373212814
mse_rel: 0.003538473742082715
