mae: 0.0037865908816456795
mape: 0.004629343748092651
mse: 2.3439188225893304e-05
rmse: 0.004841403570026159
nll: -4.531116962432861
ece: 24.958264947265025
