mae: 0.04375005140900612
mape: 118264430592.0
mse: 0.0023296342696994543
rmse: 0.04826628416776657
nll: -1.0517128705978394
ece: 6.2638236051389935
