mae: 0.014343959279358387
mape: 311758684160.0
mse: 0.00029953513876535
rmse: 0.017307084053754807
nll: -3.280937910079956
ece: 25.05876623378624
imae: inf
imse: inf
mae_rel: 0.02617727965116501
mse_rel: 0.0007356887799687684
