mae: 0.03737773001194
mape: 0.043673522770404816
mse: 0.002007650211453438
rmse: 0.04480680823326111
nll: -2.6510140895843506
ece: 25.277070701433114
imae: 51.6491584777832
imse: 3698.763427734375
mae_rel: 0.044146906584501266
mse_rel: 0.002362214494496584
