mae: 0.04226194694638252
mape: 238713372672.0
mse: 0.0019979176577180624
rmse: 0.044698070734739304
nll: -0.5129812955856323
ece: 11.614543604044245
imae: inf
imse: inf
mae_rel: 0.06668718159198761
mse_rel: 0.00319035560823977
