mae: 0.002029257360845804
mape: 0.002379391109570861
mse: 6.407410637621069e-06
rmse: 0.0025312863290309906
nll: -5.317226886749268
ece: 35.407628128744676
