mae: 0.014469082467257977
mape: 346721550336.0
mse: 0.0003063848416786641
rmse: 0.017503852024674416
nll: -2.9356696605682373
ece: 24.055495103393238
