mae: 0.0015882670413702726
mape: 0.0018738922663033009
mse: 5.793525360786589e-06
rmse: 0.002406974323093891
nll: -5.3457255363464355
ece: 41.21366313311777
imae: 2.228768825531006
imse: 10.224644660949707
mae_rel: 0.0018750270828604698
mse_rel: 6.584174570889445e-06
ece_after_recalibration: 6.1364509760669055
