mae: 0.026297496631741524
mape: 65783463936.0
mse: 0.0009819852421060205
rmse: 0.03133664280176163
nll: -2.571866512298584
ece: 18.538258095011688
