mae: 0.09239011257886887
mape: 2035631259648.0
mse: 0.014661469496786594
rmse: 0.1210845559835434
nll: -1.4027416706085205
ece: 16.097687687983477
imae: inf
imse: inf
mae_rel: 0.12881195545196533
mse_rel: 0.02311510220170021
