mae: 0.0018920692382380366
mape: 0.0022490425035357475
mse: 7.817829100531526e-06
rmse: 0.0027960380539298058
nll: -2.0609872341156006
ece: 37.78913836872762
imae: 2.685800790786743
imse: 16.86229705810547
mae_rel: 0.002242029644548893
mse_rel: 9.31240720092319e-06
