mae: 0.00349836191162467
mape: 0.004168434534221888
mse: 2.2258171156863682e-05
rmse: 0.0047178566455841064
nll: -4.042858123779297
ece: 34.68925816269664
imae: 4.98036003112793
imse: 44.14906692504883
mae_rel: 0.004153660032898188
mse_rel: 2.604667497507762e-05
