mae: 0.010863239876925945
mape: 203260723200.0
mse: 0.0002190213417634368
rmse: 0.014799369499087334
nll: -3.7450242042541504
ece: 32.32238514175999
imae: inf
imse: inf
mae_rel: 0.026719287037849426
mse_rel: 0.0007249597110785544
