mae: 0.20714928209781647
mape: 909429047296.0
mse: 0.045714572072029114
rmse: 0.21380966901779175
nll: 11.448249816894531
ece: 28.237577002073376
imae: inf
imse: inf
mae_rel: 0.3356436491012573
mse_rel: 0.07139459997415543
