mae: 0.03515041247010231
mape: 461596884992.0
mse: 0.0015413056826218963
rmse: 0.03925946727395058
nll: -1.8656072616577148
ece: 9.920049011879364
