mae: 0.0013140230439603329
mape: 0.001579534844495356
mse: 3.903575361619005e-06
rmse: 0.00197574682533741
nll: -4.175683975219727
ece: 43.63710247351823
imae: 1.9172097444534302
imse: 7.821662902832031
mae_rel: 0.001584768877364695
mse_rel: 4.590726348396856e-06
