mae: 0.04908803850412369
mape: 142985035776.0
mse: 0.0027691414579749107
rmse: 0.052622631192207336
nll: -0.6215294599533081
ece: 9.0043669416156
imae: inf
imse: inf
mae_rel: 0.06238626316189766
mse_rel: 0.003277137177065015
