mae: 0.02243567816913128
mape: 462120943616.0
mse: 0.0007974561303853989
rmse: 0.028239265084266663
nll: 2.153374195098877
ece: 2.415865426496757
imae: inf
imse: inf
mae_rel: 0.04166661575436592
mse_rel: 0.0018841479904949665
