mae: 0.06982415169477463
mape: 107343249408.0
mse: 0.005001315381377935
rmse: 0.07071997970342636
nll: 11.660459518432617
ece: 37.253043306544114
imae: inf
imse: inf
mae_rel: 0.10843925178050995
mse_rel: 0.007354290224611759
