mae: 0.07861525565385818
mape: 0.09401241689920425
mse: 0.007635395508259535
rmse: 0.08738075196743011
nll: -1.4589760303497314
ece: 18.14087507821533
imae: 101.30683135986328
imse: 12584.5400390625
mae_rel: 0.0844159945845604
mse_rel: 0.008091448806226254
