mae: 0.02556493878364563
mape: 122018791424.0
mse: 0.0009781732223927975
rmse: 0.031275760382413864
nll: -2.7142693996429443
ece: 11.151383510207074
