mae: 0.009898334741592407
mape: 353862713344.0
mse: 0.0001736486447043717
rmse: 0.013177581131458282
nll: -3.7209675312042236
ece: 38.77239819006525
imae: inf
imse: inf
mae_rel: 0.02143292874097824
mse_rel: 0.0004904773086309433
