mae: 0.0015019610291346908
mape: 0.0017789584817364812
mse: 4.155322130827699e-06
rmse: 0.0020384606905281544
nll: -5.512355327606201
ece: 19.743668639073263
