mae: 0.0030739863868802786
mape: 0.0036533905658870935
mse: 1.3563877473643515e-05
rmse: 0.003682916983962059
nll: 1604.9482421875
ece: 29.090488103513497
imae: 4.374350070953369
imse: 28.40494155883789
mae_rel: 0.0036602821201086044
mse_rel: 1.6155923731275834e-05
