mae: 0.0031863509211689234
mape: 0.0038832828868180513
mse: 1.2480356417654548e-05
rmse: 0.003532754722982645
nll: -4.526197910308838
ece: 41.606393861912586
imae: 4.725717544555664
imse: 29.3803653717041
mae_rel: 0.00386505457572639
mse_rel: 1.5365088984253816e-05
