mae: 0.07066809386014938
mape: 41951367168.0
mse: 0.0051553319208323956
rmse: 0.07180064171552658
nll: 12.977020263671875
ece: 39.05972340767802
