mae: 0.05138597637414932
mape: 0.06142693758010864
mse: 0.004221998155117035
rmse: 0.06497690826654434
nll: -1.9920860528945923
ece: 35.910316529914496
imae: 71.84091186523438
imse: 8219.7119140625
mae_rel: 0.05999895930290222
mse_rel: 0.004888529889285564
