mae: 0.03844049945473671
mape: 209178230784.0
mse: 0.0022623862605541945
rmse: 0.047564547508955
nll: -0.17636525630950928
ece: 8.455078000345633
