mae: 0.046838462352752686
mape: 1085068214272.0
mse: 0.0035865381360054016
rmse: 0.059887710958719254
nll: 47.40972137451172
ece: 20.524283559577675
imae: inf
imse: inf
mae_rel: 0.0727209523320198
mse_rel: 0.005750699434429407
