mae: 0.006463325582444668
mape: 0.007829500362277031
mse: 5.191929085412994e-05
rmse: 0.00720550399273634
nll: -2.4107494354248047
ece: 4.9603273365836555
imae: 9.429972648620605
imse: 119.47159576416016
mae_rel: 0.007756678853183985
mse_rel: 6.329616735456511e-05
