mae: 0.13944874703884125
mape: 1296168779776.0
mse: 0.022564556449651718
rmse: 0.1502150297164917
nll: 1.215762734413147
ece: 6.784927139574265
imae: inf
imse: inf
mae_rel: 0.15717823803424835
mse_rel: 0.02564225345849991
