mae: 0.030422205105423927
mape: 97718337536.0
mse: 0.0011807610280811787
rmse: 0.03436220437288284
nll: -2.331702709197998
ece: 13.194032947632605
