mae: 0.06234172359108925
mape: 1191068958720.0
mse: 0.006622933782637119
rmse: 0.0813814103603363
nll: -1.5056548118591309
ece: 32.87153669599717
imae: inf
imse: inf
mae_rel: 0.09459036588668823
mse_rel: 0.011029545217752457
