mae: 0.01332973875105381
mape: 403712671744.0
mse: 0.00032316590659320354
rmse: 0.01797681488096714
nll: -3.509955406188965
ece: 34.2398097826287
imae: inf
imse: inf
mae_rel: 0.02427164651453495
mse_rel: 0.0007279363926500082
