mae: 0.00590325053781271
mape: 0.006997909862548113
mse: 5.818528006784618e-05
rmse: 0.007627927698194981
nll: -4.090577125549316
ece: 25.03599062135647
imae: 8.288222312927246
imse: 114.8019790649414
mae_rel: 0.006953309290111065
mse_rel: 6.795844819862396e-05
