mae: 0.00941530924935485
mape: 118995365219.47176
mse: 0.00017903482039688566
rmse: 0.01338038939631002
nll: -3.8207453240614866
ece: 32.43819368881217
imae: inf
imse: inf
mae_rel: 0.04055490717291832
mse_rel: nan
