mae: 0.03336372971534729
mape: 83203072000.0
mse: 0.0018292844761162996
rmse: 0.0427701361477375
nll: -1.6058146953582764
ece: 14.112354402912915
