mae: 0.005978095345199108
mape: 0.00690678134560585
mse: 4.7344667109427974e-05
rmse: 0.0068807462230324745
nll: -3.991546630859375
ece: 12.618242727124528
imae: 8.082788467407227
imse: 79.82878875732422
mae_rel: 0.006967201828956604
mse_rel: 5.39619977644179e-05
