mae: 0.03463178500533104
mape: 135570866176.0
mse: 0.0017947289161384106
rmse: 0.04236423969268799
nll: -0.3310816287994385
ece: 6.2856535617743345
imae: inf
imse: inf
mae_rel: 0.06095486506819725
mse_rel: 0.0033109704963862896
