mae: 0.01575867459177971
mape: 297260318720.0
mse: 0.0003523716877680272
rmse: 0.018771566450595856
nll: -2.9215826988220215
ece: 20.222927472967438
