mae: 0.009888666681945324
mape: 394720935936.0
mse: 0.00020053915795870125
rmse: 0.01416118536144495
nll: -3.648533582687378
ece: 34.43786724702762
