mae: 0.003759931307286024
mape: 0.004427875857800245
mse: 2.188905273214914e-05
rmse: 0.004678573925048113
nll: -4.577849864959717
ece: 33.07897600117284
imae: 5.246425151824951
imse: 41.92766571044922
mae_rel: 0.004432130604982376
mse_rel: 2.556710569479037e-05
