mae: 0.0017604473978281021
mape: 0.0020929400343447924
mse: 5.554937160923146e-06
rmse: 0.002356891520321369
nll: -5.358550071716309
ece: 39.16219081274085
imae: 2.5065829753875732
imse: 10.558980941772461
mae_rel: 0.00209506182000041
mse_rel: 6.437230240408098e-06
