mae: 0.03339533507823944
mape: 68746461184.0
mse: 0.001752424635924399
rmse: 0.041861969977617264
nll: -0.21477293968200684
ece: 10.417305191062512
