mae: 0.03482834994792938
mape: 795945336832.0
mse: 0.0014534348156303167
rmse: 0.03812393918633461
nll: 16.18885040283203
ece: 28.75461956521739
imae: inf
imse: inf
mae_rel: 0.05256921797990799
mse_rel: 0.002542724134400487
