mae: 0.04586278647184372
mape: 985870303232.0
mse: 0.003329858183860779
rmse: 0.05770492181181908
nll: -2.1645565032958984
ece: 24.341022850944924
imae: inf
imse: inf
mae_rel: 0.07187134027481079
mse_rel: 0.006525130942463875
