mae: 0.018882714211940765
mape: 384745472000.0
mse: 0.0005306908278726041
rmse: 0.02303672768175602
nll: -2.8845105171203613
ece: 24.297690217411308
imae: inf
imse: inf
mae_rel: 0.032836493104696274
mse_rel: 0.0010388275841251016
