mae: 0.020978491753339767
mape: 28374470656.0
mse: 0.00081292336108163
rmse: 0.028511811047792435
nll: -1.7490653991699219
ece: 17.240273704809837
imae: inf
imse: inf
mae_rel: 0.047010503709316254
mse_rel: 0.0019660184625536203
