mae: 0.002029257360845804
mape: 0.002379391109570861
mse: 6.407410637621069e-06
rmse: 0.0025312863290309906
nll: -5.317269802093506
ece: 35.410607866527755
