mae: 0.01422899030148983
mape: 373408759808.0
mse: 0.0003370065533090383
rmse: 0.018357738852500916
nll: -3.3837294578552246
ece: 30.520512820532826
imae: inf
imse: inf
mae_rel: 0.02811550907790661
mse_rel: 0.000747098121792078
