mae: 0.005218922160565853
mape: 0.006410352420061827
mse: 4.1898092604242265e-05
rmse: 0.006472873501479626
nll: -3.401444435119629
ece: 11.669954010322229
