mae: 0.03320620581507683
mape: 65319043072.0
mse: 0.001590933301486075
rmse: 0.03988650441169739
nll: -0.0016142782988026738
ece: 5.296457050271319
imae: inf
imse: inf
mae_rel: 0.07046644389629364
mse_rel: nan
