mae: 0.025428444147109985
mape: 399991603200.0
mse: 0.0007777253049425781
rmse: 0.027887726202607155
nll: -2.7759830951690674
ece: 17.79825897716908
imae: inf
imse: inf
mae_rel: 0.04062902554869652
mse_rel: 0.0014154966920614243
