mae: 0.02392643876373768
mape: 108309176320.0
mse: 0.0008027944713830948
rmse: 0.028333628550171852
nll: 2.635335922241211
ece: 4.731965452175251
imae: inf
imse: inf
mae_rel: 0.03738211467862129
mse_rel: 0.001111927442252636
