mae: 0.03595889359712601
mape: 372837777408.0
mse: 0.0018282548990100622
rmse: 0.042758096009492874
nll: -1.6768467426300049
ece: 10.767356237168752
imae: inf
imse: inf
mae_rel: 0.059882719069719315
mse_rel: 0.0035778298042714596
