mae: 0.05122484639286995
mape: 0.06112683564424515
mse: 0.0035886329133063555
rmse: 0.05990520119667053
nll: 25.690874099731445
ece: 43.68958579881656
imae: 71.78524780273438
imse: 7049.4912109375
mae_rel: 0.0601566880941391
mse_rel: 0.004214366432279348
