mae: 0.04493317753076553
mape: 288914833408.0
mse: 0.002797882305458188
rmse: 0.052895013242959976
nll: 0.848976194858551
ece: 6.580585259187026
imae: inf
imse: inf
mae_rel: 0.0716104730963707
mse_rel: 0.005022799130529165
