mae: 0.06331928819417953
mape: 740176953344.0
mse: 0.006620374508202076
rmse: 0.0813656821846962
nll: -1.4225330352783203
ece: 32.35526629955465
imae: inf
imse: inf
mae_rel: 0.10477438569068909
mse_rel: 0.011246087960898876
