mae: 0.006381819490343332
mape: 294871040000.0
mse: 7.882646605139598e-05
rmse: 0.008878426626324654
nll: -3.868633270263672
ece: 41.526948051968056
imae: inf
imse: inf
mae_rel: 0.01592649146914482
mse_rel: 0.0003961115435231477
