mae: 0.02562139928340912
mape: 204376162304.0
mse: 0.0008016120409592986
rmse: 0.02831275388598442
nll: -0.7123406529426575
ece: 33.50030832476875
