mae: 0.01901307888329029
mape: 83042189312.0
mse: 0.0005630222149193287
rmse: 0.023728089407086372
nll: -2.8055813312530518
ece: 23.88712784590442
imae: inf
imse: inf
mae_rel: 0.05463239178061485
mse_rel: 0.0017965591978281736
ece_after_recalibration: 14.309887406798529
