mae: 0.004900315776467323
mape: 0.005868092179298401
mse: 2.5477616873104125e-05
rmse: 0.00504753552377224
nll: -3.9959864616394043
ece: 26.284800477037734
imae: 7.100272178649902
imse: 55.22136306762695
mae_rel: 0.005905137863010168
mse_rel: 3.0849623726680875e-05
