mae: 0.02886947989463806
mape: 396567773184.0
mse: 0.0010697906836867332
rmse: 0.03270765393972397
nll: -2.3741648197174072
ece: 14.645043233318333
