mae: 0.0028439192101359367
mape: 0.0033107639756053686
mse: 1.2697153579210863e-05
rmse: 0.003563306527212262
nll: -5.165477275848389
ece: 32.58916372204592
