mae: 0.006616790778934956
mape: 265284304896.0
mse: 9.169394616037607e-05
rmse: 0.009575695730745792
nll: -3.8379101753234863
ece: 41.89967532469533
imae: inf
imse: inf
mae_rel: 0.01723453402519226
mse_rel: 0.0004830025718547404
