mae: 0.03436987102031708
mape: 76939001856.0
mse: 0.0017036611679941416
rmse: 0.04127543047070503
nll: 1.712904691696167
ece: 6.135491617116412
imae: inf
imse: inf
mae_rel: 0.16050046682357788
mse_rel: nan
