mae: 0.013370162807404995
mape: 331568087040.0
mse: 0.0003741920518223196
rmse: 0.019344044849276543
nll: -1.866786241531372
ece: 17.03543605204747
imae: inf
imse: inf
mae_rel: 0.032267503440380096
mse_rel: 0.001461989595554769
