mae: 0.07516585290431976
mape: 1253517426688.0
mse: 0.00844129454344511
rmse: 0.09187651425600052
nll: -1.4966461658477783
ece: 26.16976642938828
imae: inf
imse: inf
mae_rel: 0.1085922047495842
mse_rel: 0.01267244666814804
