mae: 0.009988859295845032
mape: 420834148352.0
mse: 0.00018160480249207467
rmse: 0.013476083055138588
nll: -3.4815480709075928
ece: 37.93460282918214
