mae: 0.01964748278260231
mape: 325470683136.0
mse: 0.000511876423843205
rmse: 0.022624686360359192
nll: -2.651466131210327
ece: 15.404940605969507
imae: inf
imse: inf
mae_rel: 0.03871152549982071
mse_rel: 0.001472338568419218
