mae: 0.056308094412088394
mape: 81648369664.0
mse: 0.0034476190339773893
rmse: 0.05871642753481865
nll: 1.8765562772750854
ece: 21.889972656990114
imae: inf
imse: inf
mae_rel: 0.07724940776824951
mse_rel: 0.004768827930092812
