mae: 0.014328346587717533
mape: 240740335616.0
mse: 0.0002908535534515977
rmse: 0.017054429277777672
nll: -3.415766954421997
ece: 29.824828934526366
imae: inf
imse: inf
mae_rel: 0.027226049453020096
mse_rel: 0.0006518998998217285
