mae: 0.06592501699924469
mape: 981458878464.0
mse: 0.00646353280171752
rmse: 0.08039610087871552
nll: -1.3398648500442505
ece: 27.461709450723877
imae: inf
imse: inf
mae_rel: 0.11237660050392151
mse_rel: 0.012092464603483677
