mae: 0.0022269394248723984
mape: 0.0026769000105559826
mse: 6.663969088549493e-06
rmse: 0.00258146645501256
nll: -4.892821311950684
ece: 39.39759725402459
