mae: 0.05097738280892372
mape: 439394336768.0
mse: 0.004568953067064285
rmse: 0.0675940290093422
nll: 0.1191544309258461
ece: 12.712454078923896
imae: inf
imse: inf
mae_rel: 0.06760738790035248
mse_rel: 0.005354769062250853
