mae: 0.0366971492767334
mape: 189463560192.0
mse: 0.001970206620171666
rmse: 0.044387008994817734
nll: 2.0269296169281006
ece: 2.7759102899430754
imae: inf
imse: inf
mae_rel: 0.06444709748029709
mse_rel: 0.0036874092184007168
