mae: 0.025312183424830437
mape: 236093554688.0
mse: 0.0008804881363175809
rmse: 0.02967301942408085
nll: -1.759415864944458
ece: 7.701017565893769
