mae: 0.032202981412410736
mape: 1180786360320.0
mse: 0.0018962961621582508
rmse: 0.04354648292064667
nll: -2.827162027359009
ece: 31.754306976420864
imae: inf
imse: inf
mae_rel: 0.055841222405433655
mse_rel: 0.004741383716464043
