mae: 0.006502890028059483
mape: 0.00760162016376853
mse: 4.428121610544622e-05
rmse: 0.006654413416981697
nll: -3.766807794570923
ece: 13.09689333123594
