mae: 0.03875494748353958
mape: 210668814336.0
mse: 0.002244860166683793
rmse: 0.047379955649375916
nll: -0.49073365330696106
ece: 8.521696449098295
