mae: 0.023383996333385833
mape: 163469653029.71014
mse: 0.0006431124413229431
rmse: 0.025359661695751053
nll: -2.3748011291955735
ece: 13.734393855779322
imae: inf
imse: inf
mae_rel: 0.05384068563580513
mse_rel: 0.00181184324901551
