mae: 0.06353151798248291
mape: 153040371712.0
mse: 0.004896618891507387
rmse: 0.069975845515728
nll: 1.1736472845077515
ece: 33.367970204861706
imae: inf
imse: inf
mae_rel: 0.08692028373479843
mse_rel: 0.006030119489878416
