mae: 0.04720970615744591
mape: 61164326912.0
mse: 0.0025867416989058256
rmse: 0.05086002126336098
nll: -1.2159576416015625
ece: 10.083664675241238
imae: inf
imse: inf
mae_rel: 0.06275108456611633
mse_rel: 0.0029943299014121294
