mae: 0.03237859159708023
mape: 157431529472.0
mse: 0.002145828679203987
rmse: 0.04632309079170227
nll: 0.9802737832069397
ece: 8.659183653782646
