mae: 0.016635043546557426
mape: 193701134336.0
mse: 0.0003674290783237666
rmse: 0.019168440252542496
nll: -3.3875112533569336
ece: 22.818638064637074
imae: inf
imse: inf
mae_rel: 0.03386847302317619
mse_rel: 0.0010331632802262902
ece_after_recalibration: 14.270556833053597
