mae: 0.03477310389280319
mape: 299250319360.0
mse: 0.0020199925638735294
rmse: 0.04494432732462883
nll: 0.1978624016046524
ece: 10.173270598368585
imae: inf
imse: inf
mae_rel: 0.06011677160859108
mse_rel: 0.004111645743250847
