mae: 0.04298483207821846
mape: 365618331648.0
mse: 0.0026011995505541563
rmse: 0.051001954823732376
nll: 0.9103943705558777
ece: 23.362105887846926
imae: inf
imse: inf
mae_rel: 0.06854140758514404
mse_rel: 0.00438593840226531
