mae: 0.011340630240738392
mape: 289451474944.0
mse: 0.0002329562557861209
rmse: 0.015262904576957226
nll: -3.1304030418395996
ece: 29.178672470096178
imae: inf
imse: inf
mae_rel: 0.02407054230570793
mse_rel: 0.0006620589992962778
