mae: 0.003436432685703039
mape: 0.004027125425636768
mse: 1.4696053767693229e-05
rmse: 0.003833543276414275
nll: -4.957320690155029
ece: 29.76701149427288
