mae: 0.02958245947957039
mape: 249242042368.0
mse: 0.0011506762821227312
rmse: 0.03392161801457405
nll: -2.71313214302063
ece: 18.54072741518802
