mae: 0.00954078882932663
mape: 138451517440.0
mse: 0.00020235631382092834
rmse: 0.014225199818611145
nll: -3.2463510036468506
ece: 30.502067464655475
imae: inf
imse: inf
mae_rel: 0.018319513648748398
mse_rel: 0.0004308276402298361
ece_after_recalibration: 13.911617988517106
