mae: 0.3240757882595062
mape: 2923580620800.0
mse: 0.11212027817964554
rmse: 0.3348436653614044
nll: 9.003849029541016
ece: 25.2633152173913
imae: inf
imse: inf
mae_rel: 0.2976251542568207
mse_rel: 0.10557808727025986
