mae: 0.0024967994540929794
mape: 0.0029660293366760015
mse: 1.0244617442367598e-05
rmse: 0.003200721461325884
nll: -4.935704231262207
ece: 38.18188319429891
