mae: 0.010803533717989922
mape: 0.012627161107957363
mse: 0.0001723351888358593
rmse: 0.013127650134265423
nll: -2.910874605178833
ece: 18.44491169614849
imae: 14.569979667663574
imse: 306.0712585449219
mae_rel: 0.012400802224874496
mse_rel: 0.00019533165323082358
