mae: 0.006105354521423578
mape: 0.006812910083681345
mse: 7.088966231094673e-05
rmse: 0.008419600315392017
nll: -4.571322441101074
ece: 30.32662420384166
imae: 7.721673488616943
imse: 99.44367218017578
mae_rel: 0.006896304432302713
mse_rel: 7.759956497466192e-05
