mae: 0.04960434138774872
mape: 168665284608.0
mse: 0.002861559623852372
rmse: 0.053493548184633255
nll: -0.5777724981307983
ece: 7.3904085698727755
