mae: 0.00672492478042841
mape: 0.007801396772265434
mse: 7.751303201075643e-05
rmse: 0.008804148994386196
nll: -4.0417866706848145
ece: 27.402191705891273
imae: 9.162050247192383
imse: 132.8060302734375
mae_rel: 0.00785093940794468
mse_rel: 8.822564268484712e-05
