mae: 0.008108386769890785
mape: 0.009696928784251213
mse: 7.22822078387253e-05
rmse: 0.008501894772052765
nll: -4.242853164672852
ece: 30.088382779856794
imae: 11.766871452331543
imse: 162.9217987060547
mae_rel: 0.009804883971810341
mse_rel: 8.874358900357038e-05
