mae: 0.008149256929755211
mape: 0.00957952719181776
mse: 6.918673898326233e-05
rmse: 0.008317857049405575
nll: -2.425837278366089
ece: 7.567031622589374
imae: 11.420804023742676
imse: 138.07601928710938
mae_rel: 0.009676467627286911
mse_rel: 8.215097477659583e-05
