mae: 0.004756598267704248
mape: 0.0054908376187086105
mse: 4.1344006604049355e-05
rmse: 0.006429930683225393
nll: -4.379419803619385
ece: 29.676433121039107
imae: 6.367513656616211
imse: 66.79100799560547
mae_rel: 0.00548868253827095
mse_rel: 4.635229197447188e-05
