mae: 0.005269100423902273
mape: 0.006350110284984112
mse: 3.520455720718019e-05
rmse: 0.005933342967182398
nll: -4.350852012634277
ece: 25.248153503980898
