mae: 0.0034953958820551634
mape: 0.004223743453621864
mse: 1.4653278412879445e-05
rmse: 0.0038279599975794554
nll: -4.679810047149658
ece: 25.107780320386137
