mae: 0.013964949175715446
mape: 6404136448.0
mse: 0.00026511476607993245
rmse: 0.016282346099615097
nll: -3.368350028991699
ece: 22.845848389053145
imae: inf
imse: inf
mae_rel: 0.037898167967796326
mse_rel: nan
