mae: 0.001067624194547534
mape: 0.0012752608163282275
mse: 2.3303205125557724e-06
rmse: 0.001526538748294115
nll: -5.424862861633301
ece: 44.00286054829176
imae: 1.531743049621582
imse: 5.197867393493652
mae_rel: 0.001273024477995932
mse_rel: 2.8061383545718854e-06
