mae: 0.0034062678460031748
mape: 0.00408132141456008
mse: 1.4365938113769516e-05
rmse: 0.0037902425974607468
nll: -4.455092906951904
ece: 14.33189995714821
