mae: 0.04853970929980278
mape: 0.056610409170389175
mse: 0.0033650326076895
rmse: 0.05800890177488327
nll: 2.182919979095459
ece: 35.5618925831202
imae: 67.38195037841797
imse: 6257.67919921875
mae_rel: 0.0577755942940712
mse_rel: 0.004005312919616699
