mae: 0.020761268213391304
mape: 308537884672.0
mse: 0.0007969344733282924
rmse: 0.028230028226971626
nll: -3.221133232116699
ece: 25.044809866412603
