mae: 0.0069159846752882
mape: 210361483264.0
mse: 8.760952187003568e-05
rmse: 0.0093599958345294
nll: -3.9782185554504395
ece: 38.61839826841827
imae: inf
imse: inf
mae_rel: 0.01716489903628826
mse_rel: 0.00041089189471676946
