mae: 0.03996644914150238
mape: 1740629082112.0
mse: 0.0030342780519276857
rmse: 0.05508428066968918
nll: -2.384868860244751
ece: 25.16470588237295
imae: inf
imse: inf
mae_rel: 0.06796277314424515
mse_rel: 0.007182201836258173
