mae: 0.003266517072916031
mape: 0.0038142052944749594
mse: 1.4562417163688224e-05
rmse: 0.003816073527559638
nll: -4.922817230224609
ece: 13.698233215567695
