mae: 0.03765208008417125
mape: 55058506261.13534
mse: 0.002047363927716047
rmse: 0.04524780577791643
nll: 15.49538833552037
ece: 29.95450500556173
imae: inf
imse: inf
mae_rel: 0.11275041103363037
mse_rel: nan
