mae: 0.008861104026436806
mape: 39233155072.0
mse: 0.00015537379658780992
rmse: 0.012464902363717556
nll: -3.7903356552124023
ece: 39.01657608697652
imae: inf
imse: inf
mae_rel: 0.01520453579723835
mse_rel: 0.00024889479391276836
