mae: 0.037309229373931885
mape: 654274854912.0
mse: 0.0019281953573226929
rmse: 0.043911222368478775
nll: -1.6892553567886353
ece: 12.21055535179171
