mae: 0.10541966557502747
mape: 0.12409388273954391
mse: 0.012516994960606098
rmse: 0.1118793785572052
nll: -0.5988631248474121
ece: 12.873691529826859
imae: 128.6383819580078
imse: 18638.11328125
mae_rel: 0.10892703384160995
mse_rel: 0.012817228212952614
