mae: 0.006069734692573547
mape: 0.007364506367594004
mse: 5.525241795112379e-05
rmse: 0.007433196995407343
nll: -3.8659284114837646
ece: 23.313052560140672
imae: 8.919309616088867
imse: 119.42823791503906
mae_rel: 0.0073156715370714664
mse_rel: 6.617743929382414e-05
