mae: 0.002945497166365385
mape: 0.0035631097853183746
mse: 1.165674166259123e-05
rmse: 0.003414197126403451
nll: -5.04989767074585
ece: 31.27905325445787
imae: 4.312132358551025
imse: 26.869972229003906
mae_rel: 0.0035458654165267944
mse_rel: 1.4201224985299632e-05
