mae: 0.027028288692235947
mape: 304201957376.0
mse: 0.001295883092097938
rmse: 0.035998377948999405
nll: 6.282675266265869
ece: 4.028383637278149
imae: inf
imse: inf
mae_rel: 0.38210269808769226
mse_rel: nan
