mae: 0.02352982386946678
mape: 50931662848.0
mse: 0.0008558323024772108
rmse: 0.02925461158156395
nll: -2.669090986251831
ece: 24.48973607040124
