mae: 0.007867574691772461
mape: 0.0092933876439929
mse: 0.00010128578287549317
rmse: 0.010064084082841873
nll: -2.074399948120117
ece: 24.05943690909191
imae: 10.887545585632324
imse: 201.13609313964844
mae_rel: 0.009154779836535454
mse_rel: 0.00011770488345064223
