mae: 0.054812513291835785
mape: 1256072151040.0
mse: 0.004517573397606611
rmse: 0.06721289455890656
nll: -1.8342615365982056
ece: 10.454675067464862
imae: inf
imse: inf
mae_rel: 0.08683781325817108
mse_rel: 0.008840038441121578
