mae: 0.005218922160565853
mape: 0.006410352420061827
mse: 4.1898092604242265e-05
rmse: 0.006472873501479626
nll: -3.3960132598876953
ece: 11.662685546078384
