mae: 0.07732372730970383
mape: 1279901433856.0
mse: 0.009523344226181507
rmse: 0.09758762270212173
nll: -0.4640377461910248
ece: 28.709979811978943
imae: inf
imse: inf
mae_rel: 0.10555831342935562
mse_rel: 0.014311686158180237
