mae: 0.03968875457052722
mape: 247446676718.9636
mse: 0.0018697093720525912
rmse: 0.04324013612435316
nll: 2.043624190718224
ece: 18.47977484351089
imae: inf
imse: inf
mae_rel: 0.0592273510992527
mse_rel: nan
