mae: 0.08368691802024841
mape: 43967574016.0
mse: 0.009007347747683525
rmse: 0.09490704536437988
nll: 1.6012135744094849
ece: 2.036516173204325
imae: inf
imse: inf
mae_rel: 0.15165746212005615
mse_rel: nan
