mae: 0.012326003052294254
mape: 542345265152.0
mse: 0.00026707485085353255
rmse: 0.01634242571890354
nll: -3.386718988418579
ece: 34.071599564764284
