mae: 0.01091677788645029
mape: 169219997696.0
mse: 0.0001729892537696287
rmse: 0.013152537867426872
nll: -3.670987129211426
ece: 34.98235930737932
