mae: 0.043532099574804306
mape: 238940389376.0
mse: 0.0023346736561506987
rmse: 0.04831846058368683
nll: -0.7568056583404541
ece: 5.0886632490383095
