mae: 0.020265407860279083
mape: 149763620864.0
mse: 0.0006159382755868137
rmse: 0.02481810376048088
nll: -3.3477163314819336
ece: 25.806999841738616
