mae: 0.04687560349702835
mape: 3034552320.0
mse: 0.0031352669466286898
rmse: 0.05599345266819
nll: 2.6371049880981445
ece: 8.213486687474008
