mae: 0.02532801404595375
mape: 172831440896.0
mse: 0.0010705734603106976
rmse: 0.03271961957216263
nll: -1.5521944761276245
ece: 16.124605954485844
imae: inf
imse: inf
mae_rel: 0.07196172326803207
mse_rel: 0.003311238717287779
