mae: 0.0027321032248437405
mape: 0.003292681649327278
mse: 1.2336128747847397e-05
rmse: 0.0035122826229780912
nll: nan
ece: 31.74954336471662
