mae: 0.03331545740365982
mape: 5653071872.0
mse: 0.0015066062333062291
rmse: 0.03881502524018288
nll: 0.7752897143363953
ece: 4.562552479995435
imae: inf
imse: inf
mae_rel: 0.08102516084909439
mse_rel: nan
