mae: 0.005969843361526728
mape: 0.007173874881118536
mse: 4.1594372305553406e-05
rmse: 0.006449369713664055
nll: -2.8100228309631348
ece: 5.173046169230824
