mae: 0.043947506695985794
mape: 573242343424.0
mse: 0.0027680397033691406
rmse: 0.05261216312646866
nll: 31.46181297302246
ece: 28.17495380388661
imae: inf
imse: inf
mae_rel: 0.08168918639421463
mse_rel: 0.005760550033301115
