mae: 0.019482813775539398
mape: 64323534848.0
mse: 0.0004888795665465295
rmse: 0.022110620513558388
nll: -2.6823554039001465
ece: 12.402020730328271
imae: inf
imse: inf
mae_rel: 0.04321448504924774
mse_rel: 0.0011613115202635527
