mae: 0.07598857581615448
mape: 0.08995647728443146
mse: 0.00725906016305089
rmse: 0.08520011603832245
nll: -1.546151041984558
ece: 19.991369246700977
imae: 120.82120513916016
imse: 19224.361328125
mae_rel: 0.10161883383989334
mse_rel: 0.00985854584723711
