mae: 0.001912407111376524
mape: 0.002263688948005438
mse: 5.89625733482535e-06
rmse: 0.0024282210506498814
nll: -5.351327419281006
ece: 38.99029585800817
imae: 2.688213348388672
imse: 11.868764877319336
mae_rel: 0.002255855593830347
mse_rel: 6.9149637056398205e-06
