mae: 0.06149441376328468
mape: 1537608122368.0
mse: 0.006316640414297581
rmse: 0.07947729527950287
nll: -1.3192771673202515
ece: 31.394823083874122
imae: inf
imse: inf
mae_rel: 0.08936649560928345
mse_rel: 0.010561231523752213
