mae: 0.04062873497605324
mape: 47338221568.0
mse: 0.002791350707411766
rmse: 0.052833233028650284
nll: -0.2800375819206238
ece: 14.367717038385038
imae: inf
imse: inf
mae_rel: 0.32085245847702026
mse_rel: nan
