mae: 0.04717181622982025
mape: 0.055720336735248566
mse: 0.0036180790048092604
rmse: 0.060150470584630966
nll: -2.066520929336548
ece: 36.86382165607096
imae: 65.88851928710938
imse: 7118.61962890625
mae_rel: 0.05566532537341118
mse_rel: 0.004260757006704807
