mae: 0.0034928384702652693
mape: 0.004149115178734064
mse: 1.5808456737431698e-05
rmse: 0.0039759851060807705
nll: -4.760336399078369
ece: 35.15471264369817
