mae: 0.024296438321471214
mape: 281011519488.0
mse: 0.0007345344638451934
rmse: 0.02710229717195034
nll: -1.9641722440719604
ece: 10.417458528401713
imae: inf
imse: inf
mae_rel: 0.042791519314050674
mse_rel: 0.0013103482779115438
