mae: 0.015362441539764404
mape: 265919807488.0
mse: 0.00041088872239924967
rmse: 0.020270390436053276
nll: -3.4633986949920654
ece: 32.06902173915044
imae: inf
imse: inf
mae_rel: 0.028878092765808105
mse_rel: 0.0008764147059991956
ece_after_recalibration: 6.649596821833648
