mae: 0.005063403397798538
mape: 0.005838924553245306
mse: 3.591286076698452e-05
rmse: 0.005992733873426914
nll: -4.331923961639404
ece: 17.008620689675176
imae: 6.810192108154297
imse: 59.9380989074707
mae_rel: 0.005882921628654003
mse_rel: 4.0838331187842414e-05
