mae: 0.03832356259226799
mape: 49519562752.0
mse: 0.00221120729111135
rmse: 0.0470234751701355
nll: -0.16467756032943726
ece: 7.404969503484714
