mae: 0.003243571612983942
mape: 0.0038811578415334225
mse: 2.4699318601051345e-05
rmse: 0.004969840869307518
nll: -1.719913363456726
ece: 34.49898999538833
imae: 4.663564205169678
imse: 52.80807876586914
mae_rel: 0.00386826996691525
mse_rel: 2.935411066573579e-05
