mae: 0.02940540201961994
mape: 293525651456.0
mse: 0.0014709732495248318
rmse: 0.038353268057107925
nll: -2.868370771408081
ece: 2.6929830516997466
imae: inf
imse: inf
mae_rel: 0.058110013604164124
mse_rel: 0.0032766899093985558
