mae: 0.0048548332415521145
mape: 0.005838294513523579
mse: 2.8236720027052797e-05
rmse: 0.005313823465257883
nll: -4.197943687438965
ece: 16.304968152886246
