mae: 0.03730553761124611
mape: 936594636800.0
mse: 0.0027435231022536755
rmse: 0.05237865075469017
nll: -2.7506232261657715
ece: 16.54937373621459
imae: inf
imse: inf
mae_rel: 0.0659712702035904
mse_rel: 0.0069082654081285
