mae: 0.008162226527929306
mape: 0.009543122723698616
mse: 6.987154483795166e-05
rmse: 0.008358919993042946
nll: -2.75278377532959
ece: 9.77361451122129
