mae: 0.013832633383572102
mape: 761508593664.0
mse: 0.00033257296308875084
rmse: 0.018236583098769188
nll: -3.396541118621826
ece: 32.6676406926607
