mae: 0.07589978724718094
mape: 99284926464.0
mse: 0.00600402383133769
rmse: 0.07748563587665558
nll: 6.959695339202881
ece: 28.710000000019992
