mae: 0.0173850916326046
mape: 2428784896.0
mse: 0.00041870519635267556
rmse: 0.020462287589907646
nll: -3.4062726497650146
ece: 22.653005201012082
