mae: 0.002765499521046877
mape: 0.003292950103059411
mse: 1.1356630238879006e-05
rmse: 0.0033699600026011467
nll: -4.870894908905029
ece: 36.40697940505434
