mae: 0.0681910440325737
mape: 131991527424.0
mse: 0.004849276505410671
rmse: 0.0696367472410202
nll: 9.532848358154297
ece: 35.45495837964986
