mae: 0.03807125985622406
mape: 224878133248.0
mse: 0.001788962516002357
rmse: 0.04229613021016121
nll: -1.9531729221343994
ece: 12.311466494467354
imae: inf
imse: inf
mae_rel: 0.053839053958654404
mse_rel: 0.00239533931016922
