mae: 0.003932931926101446
mape: 0.004675923381000757
mse: 1.6705173038644716e-05
rmse: 0.004087196197360754
nll: -4.511231422424316
ece: 40.13091229305559
imae: 5.6150221824646
imse: 33.51073455810547
mae_rel: 0.00469921063631773
mse_rel: 1.977656575036235e-05
