mae: 0.0632048025727272
mape: 400450748416.0
mse: 0.005006934516131878
rmse: 0.07075969874858856
nll: -0.5762578248977661
ece: 9.073251501883195
imae: inf
imse: inf
mae_rel: 0.07939215749502182
mse_rel: 0.006259357091039419
