mae: 0.033786483108997345
mape: 1172924137472.0
mse: 0.002012725220993161
rmse: 0.04486340656876564
nll: -2.240288734436035
ece: 26.947826086976523
imae: inf
imse: inf
mae_rel: 0.0514664351940155
mse_rel: 0.0034306093584746122
