mae: 0.051816824823617935
mape: 0.06136232614517212
mse: 0.004288111347705126
rmse: 0.06548367440700531
nll: -1.9686223268508911
ece: 36.73100591717977
imae: 73.87152099609375
imse: 8906.970703125
mae_rel: 0.062203142791986465
mse_rel: 0.0051696524024009705
