mae: 0.03527611494064331
mape: 393045934080.0
mse: 0.0017314465949311852
rmse: 0.041610654443502426
nll: -1.6114484071731567
ece: 12.491624893177987
