mae: 0.0712445005774498
mape: 177729044480.0
mse: 0.005542452912777662
rmse: 0.07444765418767929
nll: 50.43058395385742
ece: 44.76956140350877
imae: inf
imse: inf
mae_rel: 0.21306857466697693
mse_rel: nan
