mae: 0.014766632579267025
mape: 316752756736.0
mse: 0.0005195810226723552
rmse: 0.022794319316744804
nll: -3.237701177597046
ece: 29.98987583574111
imae: inf
imse: inf
mae_rel: 0.037432797253131866
mse_rel: 0.0016918460605666041
