mae: 0.001749359187670052
mape: 0.002065068343654275
mse: 5.7248917073593475e-06
rmse: 0.0023926745634526014
nll: -5.3529486656188965
ece: 39.75183431954663
