mae: 0.01672598533332348
mape: 331419090944.0
mse: 0.000395065697375685
rmse: 0.019876260310411453
nll: -3.3055002689361572
ece: 12.301444651153107
imae: inf
imse: inf
mae_rel: 0.028363345190882683
mse_rel: 0.0007528411806561053
