mae: 0.024744270369410515
mape: 148841824256.0
mse: 0.0009160400368273258
rmse: 0.030266152694821358
nll: -0.9287716150283813
ece: 9.14436078211479
