mae: 0.006386397406458855
mape: 0.007477457635104656
mse: 4.8176389100262895e-05
rmse: 0.006940921302884817
nll: -4.434246063232422
ece: 26.446115034668843
imae: 8.731609344482422
imse: 85.8793716430664
mae_rel: 0.007425857242196798
mse_rel: 5.5113072448875755e-05
