mae: 0.0019882777705788612
mape: 0.002352168085053563
mse: 6.674287305941107e-06
rmse: 0.00258346414193511
nll: -5.308891773223877
ece: 36.660485933523844
