mae: 0.01889858767390251
mape: 405168881664.0
mse: 0.0006812033825553954
rmse: 0.026099873706698418
nll: -3.0100207328796387
ece: 28.116632443551833
imae: inf
imse: inf
mae_rel: 0.03593754395842552
mse_rel: 0.0015495102852582932
ece_after_recalibration: 13.657904981960824
