mae: 0.06783308833837509
mape: 1552175988736.0
mse: 0.00833682157099247
rmse: 0.09130619466304779
nll: -2.2830240726470947
ece: 15.903344111574738
imae: inf
imse: inf
mae_rel: 0.10234269499778748
mse_rel: 0.016041403636336327
