mae: 0.02197776921093464
mape: 88868544512.0
mse: 0.000674462178722024
rmse: 0.02597041055560112
nll: -2.8379275798797607
ece: 18.093887297059165
imae: inf
imse: inf
mae_rel: 0.06655596196651459
mse_rel: nan
