mae: 0.02855694107711315
mape: 94742708224.0
mse: 0.0011356605682522058
rmse: 0.03369956463575363
nll: -0.6699159145355225
ece: 6.591672609398443
