mae: 0.021721595898270607
mape: 167838826496.0
mse: 0.0009245385299436748
rmse: 0.030406225472688675
nll: -2.909785747528076
ece: 27.67659137579003
imae: inf
imse: inf
mae_rel: 0.043710168451070786
mse_rel: 0.0020140688866376877
