mae: 0.006780299358069897
mape: 49146327040.0
mse: 6.184983067214489e-05
rmse: 0.007864465937018394
nll: -3.939347743988037
ece: 39.61730141460107
imae: inf
imse: inf
mae_rel: 0.06284560263156891
mse_rel: nan
