mae: 0.03408431634306908
mape: 277709389824.0
mse: 0.0015140515752136707
rmse: 0.038910817354917526
nll: -2.018691301345825
ece: 11.925423797171215
