mae: 0.017426131293177605
mape: 180710195200.0
mse: 0.0004207246529404074
rmse: 0.020511573180556297
nll: -3.131645441055298
ece: 23.426250962298685
imae: inf
imse: inf
mae_rel: 0.03733105957508087
mse_rel: 0.0011131848441436887
