mae: 0.2563338875770569
mape: 649642311680.0
mse: 0.07112615555524826
rmse: 0.2666948735713959
nll: 7.265312194824219
ece: 20.394215795328137
imae: inf
imse: inf
mae_rel: 1.0596715211868286
mse_rel: nan
