mae: 0.005187715403735638
mape: 0.006089725531637669
mse: 3.412152000237256e-05
rmse: 0.005841362755745649
nll: -4.600485324859619
ece: 29.99291699453501
imae: 7.148464202880859
imse: 61.54249572753906
mae_rel: 0.006061649415642023
mse_rel: 3.91654102713801e-05
