mae: 0.007544900290668011
mape: 0.008953827433288097
mse: 6.87722276779823e-05
rmse: 0.008292902261018753
nll: 1.85529363155365
ece: 17.893336441820416
imae: 10.726232528686523
imse: 141.6119384765625
mae_rel: 0.008994667790830135
mse_rel: 8.180529403034598e-05
