mae: 0.05020187050104141
mape: 239259762688.0
mse: 0.002589173149317503
rmse: 0.05088391900062561
nll: -0.23445139825344086
ece: 17.438931830983005
imae: inf
imse: inf
mae_rel: 0.0828692689538002
mse_rel: 0.004200526047497988
ece_after_recalibration: 0.28139427516158816
