mae: 0.06839960813522339
mape: 270800420864.0
mse: 0.004863325040787458
rmse: 0.06973754614591599
nll: 3.5106518268585205
ece: 26.640321639418012
imae: inf
imse: inf
mae_rel: 0.11186307668685913
mse_rel: 0.007997147738933563
