mae: 0.04701436683535576
mape: 0.05560357868671417
mse: 0.0035942865069955587
rmse: 0.05995236709713936
nll: -2.0459508895874023
ece: 36.775923718732756
imae: 64.58978271484375
imse: 6629.09619140625
mae_rel: 0.054413825273513794
mse_rel: 0.004098745062947273
