mae: 0.005685858894139528
mape: 0.00662056403234601
mse: 4.0368729969486594e-05
rmse: 0.00635363906621933
nll: -4.4382171630859375
ece: 19.492314729456847
