mae: 0.03941262885928154
mape: 15859274752.0
mse: 0.0022719416301697493
rmse: 0.047664888203144073
nll: 2.1780478954315186
ece: 7.362603229061534
