mae: 0.08237000554800034
mape: 1774410661888.0
mse: 0.014246677048504353
rmse: 0.11935944110155106
nll: -1.6518594026565552
ece: 8.570047140792504
imae: inf
imse: inf
mae_rel: 0.11589757353067398
mse_rel: 0.023473946377635002
