mae: 0.04177318885922432
mape: 1032583512064.0
mse: 0.00271615874953568
rmse: 0.05211678147315979
nll: -1.792317271232605
ece: 15.199221115673742
imae: inf
imse: inf
mae_rel: 0.0779096782207489
mse_rel: 0.007014131173491478
