mae: 0.0026219338178634644
mape: 0.00319422734901309
mse: 1.85805020009866e-05
rmse: 0.004310510586947203
nll: -4.187525272369385
ece: 36.439976553361156
imae: 3.8803842067718506
imse: 45.719261169433594
mae_rel: 0.003170211799442768
mse_rel: 2.288831637997646e-05
