mae: 0.01791360042989254
mape: 67472183296.0
mse: 0.0005593908717855811
rmse: 0.023651445284485817
nll: -3.163830280303955
ece: 26.558402288237488
