mae: 0.005897053517401218
mape: 0.007059344556182623
mse: 5.7165751059073955e-05
rmse: 0.007560803554952145
nll: -4.328205585479736
ece: 24.152403282552243
