mae: 0.04711097106337547
mape: 0.05517614260315895
mse: 0.003532184986397624
rmse: 0.05943218991160393
nll: -2.077528715133667
ece: 36.59681528664421
imae: 66.72489929199219
imse: 7282.4873046875
mae_rel: 0.05680341273546219
mse_rel: 0.004289781209081411
