mae: 0.003687188494950533
mape: 0.004329195246100426
mse: 2.145012877008412e-05
rmse: 0.004631428513675928
nll: -4.650753498077393
ece: 33.46138259835135
imae: 5.100466251373291
imse: 39.5410270690918
mae_rel: 0.004320112522691488
mse_rel: 2.4747445422690362e-05
