mae: 0.038128629326820374
mape: 13056821248.0
mse: 0.0021401343401521444
rmse: 0.046261586248874664
nll: -1.005042552947998
ece: 8.944571828547252
imae: inf
imse: inf
mae_rel: 0.060290031135082245
mse_rel: 0.003723109606653452
