mae: 0.020054815337061882
mape: 270788968448.0
mse: 0.0005079733091406524
rmse: 0.022538263350725174
nll: -2.971219062805176
ece: 18.905088955743874
