mae: 0.020767228677868843
mape: 89342058496.0
mse: 0.0006954075070098042
rmse: 0.0263705812394619
nll: -3.192535400390625
ece: 22.858832967113432
