mae: 0.03896971046924591
mape: 48666992640.0
mse: 0.002270451048389077
rmse: 0.04764924943447113
nll: 0.9445039629936218
ece: 6.550708234180705
