mae: 0.0017494658241048455
mape: 0.002087193541228771
mse: 4.823355993721634e-06
rmse: 0.0021962139289826155
nll: -5.360630512237549
ece: 38.55241460543814
