mae: 0.009671290405094624
mape: 0.011174015700817108
mse: 0.00010668457252904773
rmse: 0.010328822769224644
nll: -3.848788261413574
ece: 18.78298349732947
imae: 13.126852035522461
imse: 185.95709228515625
mae_rel: 0.01131355855613947
mse_rel: 0.00012259573850315064
