mae: 0.03676185384392738
mape: 686719500288.0
mse: 0.0022806713823229074
rmse: 0.0477563738822937
nll: -2.7661094665527344
ece: 30.407332472196746
imae: inf
imse: inf
mae_rel: 0.06642525643110275
mse_rel: 0.004805801901966333
