mae: 0.002487070392817259
mape: 0.0029582043644040823
mse: 8.873510523699224e-06
rmse: 0.0029788438696414232
nll: -5.03911828994751
ece: 32.205835240294604
imae: 3.542872667312622
imse: 17.008180618286133
mae_rel: 0.0029642111621797085
mse_rel: 1.0339010259485804e-05
