mae: 0.010633316822350025
mape: 270719320064.0
mse: 0.00017091828340198845
rmse: 0.0130735719576478
nll: -3.6496989727020264
ece: 35.48494623657915
imae: inf
imse: inf
mae_rel: 0.023130524903535843
mse_rel: 0.0005766008980572224
ece_after_recalibration: 14.63521794427101
