mae: 0.00391474599018693
mape: 0.004576615057885647
mse: 2.636289173096884e-05
rmse: 0.00513448053970933
nll: -4.187675476074219
ece: 33.12441699650184
imae: 5.364982604980469
imse: 47.145442962646484
mae_rel: 0.004559789784252644
mse_rel: 3.0074974347371608e-05
