mae: 0.029143450526401667
mape: 16366082906.775522
mse: 0.0010089419482753952
rmse: 0.031763846559813805
nll: -2.1627734936794627
ece: 13.255897162838206
imae: inf
imse: inf
mae_rel: 0.04798122122883797
mse_rel: 0.0016897268360480666
