mae: 0.050154368776749274
mape: 370528075624.80444
mse: 0.0038464928310117824
rmse: 0.06202010021768574
nll: 9.572457253161408
ece: 20.676135488837563
imae: inf
imse: inf
mae_rel: 0.07880741357803345
mse_rel: 0.005558940581977367
