mae: 0.0026236046105623245
mape: 0.0031785876490175724
mse: 9.605788363842294e-06
rmse: 0.003099320689216256
nll: -5.098145008087158
ece: 32.9450536353001
imae: 3.882050037384033
imse: 22.366666793823242
mae_rel: 0.003187621710821986
mse_rel: 1.1797815204772633e-05
