mae: 0.19409126043319702
mape: 870479822848.0
mse: 0.04012336581945419
rmse: 0.2003081738948822
nll: 17.377826690673828
ece: 30.035869565237384
imae: inf
imse: inf
mae_rel: 0.30405518412590027
mse_rel: 0.06016266718506813
