mae: 0.05409521609544754
mape: 624889561088.0
mse: 0.005112816579639912
rmse: 0.07150395959615707
nll: -1.962984561920166
ece: 31.025605214172707
imae: inf
imse: inf
mae_rel: 0.21325455605983734
mse_rel: 0.027374276891350746
