mae: 0.031779784709215164
mape: 0.03775816038250923
mse: 0.0015752618201076984
rmse: 0.0396895669400692
nll: -2.411013603210449
ece: 36.56556064075227
imae: 46.15791320800781
imse: 3435.27880859375
mae_rel: 0.038668155670166016
mse_rel: 0.001929098041728139
