mae: 0.021127563266227337
mape: 278254966544.6685
mse: 0.0005848248793503034
rmse: 0.024183152800044568
nll: -2.405513945712567
ece: 11.111738691016148
imae: inf
imse: inf
mae_rel: 0.03363795205950737
mse_rel: 0.001071315724402666
