mae: 0.04146892577409744
mape: 58840231936.0
mse: 0.0023584908340126276
rmse: 0.04856429621577263
nll: 7.0565876960754395
ece: 34.59904489016236
