mae: 0.02876897156238556
mape: 185922748416.0
mse: 0.0012211709981784225
rmse: 0.034945257008075714
nll: -2.742079973220825
ece: 17.919436011147013
imae: inf
imse: inf
mae_rel: 0.04976094886660576
mse_rel: 0.002377641387283802
