mae: 0.05400511994957924
mape: 0.06434468924999237
mse: 0.004660075064748526
rmse: 0.06826474517583847
nll: -1.8681385517120361
ece: 35.84761589175386
imae: 76.05831909179688
imse: 9241.1015625
mae_rel: 0.06372454762458801
mse_rel: 0.00547809200361371
