mae: 0.016167202964425087
mape: 206220197888.0
mse: 0.00047498513595201075
rmse: 0.02179415337741375
nll: -2.998850107192993
ece: 22.823325635123933
imae: inf
imse: inf
mae_rel: 0.03722614794969559
mse_rel: 0.001361254951916635
