mae: 0.01632121205329895
mape: 41841315840.0
mse: 0.00033255619928240776
rmse: 0.018236123025417328
nll: -3.3949906826019287
ece: 21.59094984344037
imae: inf
imse: inf
mae_rel: 0.05954292416572571
mse_rel: nan
