mae: 0.0376623198390007
mape: 7296926720.0
mse: 0.002052176743745804
rmse: 0.045300956815481186
nll: 1.4242130517959595
ece: 5.5471426721915815
