mae: 0.03190214931964874
mape: 189834706944.0
mse: 0.0014777322066947818
rmse: 0.03844128176569939
nll: -1.4721335172653198
ece: 9.550934889103658
imae: inf
imse: inf
mae_rel: 0.05451077222824097
mse_rel: 0.0025467046070843935
