mae: 0.2792110294181409
mape: 0.33035220516916824
mse: 0.07797493040118628
rmse: 0.2792399154869989
nll: -0.7756831865613882
ece: 30.39832036242699
imae: 588.1358642578125
imse: 352492.1875
mae_rel: 0.4942918121814728
mse_rel: 0.13789072632789612
