mae: 0.006887400522828102
mape: 0.00824593286961317
mse: 5.1676634029718116e-05
rmse: 0.007188646122813225
nll: -2.9195430278778076
ece: 7.502992551589199
imae: 9.822295188903809
imse: 109.86647033691406
mae_rel: 0.008173924870789051
mse_rel: 6.178316834848374e-05
