mae: 0.02363703027367592
mape: 78457536512.0
mse: 0.0009862884180620313
rmse: 0.03140522912144661
nll: -2.838604211807251
ece: 10.671833438062505
imae: inf
imse: inf
mae_rel: 0.041206810623407364
mse_rel: 0.001668400946073234
