mae: 0.020543493330478668
mape: 219137343488.0
mse: 0.0007300775032490492
rmse: 0.02701994590461254
nll: -3.339528799057007
ece: 27.304240418524877
