mae: 0.06701041758060455
mape: 25269854208.0
mse: 0.004579721484333277
rmse: 0.06767363846302032
nll: 8.527673721313477
ece: 34.83557583903681
imae: inf
imse: inf
mae_rel: 0.1391485184431076
mse_rel: nan
