mae: 0.07574807107448578
mape: 114553856000.0
mse: 0.00594777287915349
rmse: 0.0771218091249466
nll: 4.0248236656188965
ece: 26.701772563773137
