mae: 0.0041267238557338715
mape: 0.004768049344420433
mse: 3.142609421047382e-05
rmse: 0.005605898331850767
nll: -4.578595161437988
ece: 39.91704142013835
imae: 5.509676456451416
imse: 51.75631332397461
mae_rel: 0.004738975316286087
mse_rel: 3.5086974094156176e-05
