mae: 0.007493738085031509
mape: 0.008775345049798489
mse: 6.042328823241405e-05
rmse: 0.007773241959512234
nll: -3.9586920738220215
ece: 18.736635492207377
