mae: 0.08174702525138855
mape: 31477987328.0
mse: 0.006990064866840839
rmse: 0.08360660821199417
nll: 11.81093692779541
ece: 48.95508771929824
imae: inf
imse: inf
mae_rel: 0.4002746045589447
mse_rel: nan
