mae: 0.005661919247359037
mape: 0.006730434950441122
mse: 3.701330933836289e-05
rmse: 0.006083856336772442
nll: 598.0965576171875
ece: 14.222040664300117
imae: 8.081228256225586
imse: 75.384521484375
mae_rel: 0.006767284125089645
mse_rel: 4.401143087306991e-05
