mae: 0.003621891839429736
mape: 0.004485660698264837
mse: 7.030412234598771e-05
rmse: 0.008384755812585354
nll: -4.510922908782959
ece: 42.756271981262685
imae: 5.439223766326904
imse: 176.75697326660156
mae_rel: 0.004377163480967283
mse_rel: 8.56181577546522e-05
