mae: 0.046180177479982376
mape: 1303226744832.0
mse: 0.0033633499406278133
rmse: 0.05799439549446106
nll: -1.863120675086975
ece: 12.776415818051792
imae: inf
imse: inf
mae_rel: 0.07534775882959366
mse_rel: 0.0070881047286093235
