mae: 0.027359873056411743
mape: 0.031200025230646133
mse: 0.0011552233481779695
rmse: 0.033988576382398605
nll: -3.202807664871216
ece: 13.306622931903947
imae: 36.61322021484375
imse: 1918.56103515625
mae_rel: 0.032028988003730774
mse_rel: 0.001335573848336935
