mae: 0.01452600157196364
mape: 379119810521.9118
mse: 0.0003513793900132969
rmse: 0.018745116431041365
nll: -2.404326727191835
ece: 11.385218702885766
imae: inf
imse: inf
mae_rel: 0.028487682342529297
mse_rel: 0.0008006694843061268
