mae: 0.02548489347100258
mape: 375586619392.0
mse: 0.0009085935889743268
rmse: 0.03014288656413555
nll: -2.9604508876800537
ece: 24.124456521759136
