mae: 0.05707592889666557
mape: 330623057920.0
mse: 0.004745112266391516
rmse: 0.06888477504253387
nll: -1.8172017335891724
ece: 26.312934650938203
imae: inf
imse: inf
mae_rel: 0.09845045208930969
mse_rel: nan
