mae: 0.03521816432476044
mape: 230255542272.0
mse: 0.0016071335412561893
rmse: 0.04008907079696655
nll: -2.6208910942077637
ece: 20.112748314173963
imae: inf
imse: inf
mae_rel: 0.09832438081502914
mse_rel: nan
