mae: 0.3317145109176636
mape: 1040504324096.0
mse: 0.11220192164182663
rmse: 0.3349655568599701
nll: 17.486656188964844
ece: 36.18605263157894
imae: inf
imse: inf
mae_rel: 1.8072335720062256
mse_rel: nan
