mae: 0.013112627901136875
mape: 200015740928.0
mse: 0.0003254865878261626
rmse: 0.018041247501969337
nll: -3.629777193069458
ece: 6.551223624711977
imae: inf
imse: inf
mae_rel: 0.024371858686208725
mse_rel: 0.0006549797253683209
