mae: 0.0023700366728007793
mape: 0.002837488194927573
mse: 7.111983904906083e-06
rmse: 0.0026668303180485964
nll: -5.092531681060791
ece: 32.76841477951941
imae: 3.4218974113464355
imse: 14.990803718566895
mae_rel: 0.0028459487948566675
mse_rel: 8.523826181772165e-06
