mae: 0.006138968281447887
mape: 0.007370604667812586
mse: 8.462033292744309e-05
rmse: 0.00919893104583025
nll: -4.326768398284912
ece: 33.63071512311496
imae: 8.854790687561035
imse: 178.0259552001953
mae_rel: 0.007323546800762415
mse_rel: 0.00010029411350842565
