mae: 0.06605882197618484
mape: 1084970041344.0
mse: 0.007161354646086693
rmse: 0.08462478965520859
nll: -0.7930184602737427
ece: 32.55278152024767
imae: inf
imse: inf
mae_rel: 0.095509372651577
mse_rel: 0.011317246593534946
