mae: 0.035332124680280685
mape: 982452731904.0
mse: 0.0019969879649579525
rmse: 0.044687669724226
nll: -2.5251965522766113
ece: 30.49457013576662
imae: inf
imse: inf
mae_rel: 0.06011219695210457
mse_rel: 0.004603211767971516
