mae: 0.0032852631993591785
mape: 0.0038771352265030146
mse: 1.7275027857976966e-05
rmse: 0.004156323615461588
nll: -4.897522449493408
ece: 36.36372202593284
