mae: 0.0024084770120680332
mape: 0.002814496634528041
mse: 9.139500434685033e-06
rmse: 0.003023160621523857
nll: -4.988618850708008
ece: 40.555626598485475
