mae: 0.029619798064231873
mape: 52558094336.0
mse: 0.0016157361678779125
rmse: 0.04019622132182121
nll: -1.1515278816223145
ece: 14.776247294581374
