mae: 0.029435815289616585
mape: 476093349888.0
mse: 0.0011492673074826598
rmse: 0.03390084579586983
nll: -2.389280319213867
ece: 14.657318857867912
imae: inf
imse: inf
mae_rel: 0.04350324347615242
mse_rel: 0.001615630928426981
