mae: 0.028682932257652283
mape: 120300355584.0
mse: 0.0011915144277736545
rmse: 0.034518320113420486
nll: -2.520385265350342
ece: 17.550829562614272
imae: inf
imse: inf
mae_rel: 0.045133210718631744
mse_rel: 0.0015950724482536316
