mae: 0.0029136198572814465
mape: 0.0034024531487375498
mse: 1.0437034688948188e-05
rmse: 0.0032306399662047625
nll: -4.261635780334473
ece: 34.62276829466374
imae: 3.981015205383301
imse: 18.325904846191406
mae_rel: 0.003389152931049466
mse_rel: 1.1855677257699426e-05
