mae: 0.060270216315984726
mape: 0.071660615503788
mse: 0.004880884662270546
rmse: 0.06986332684755325
nll: -1.922255516052246
ece: 25.90459770116943
imae: 94.82546997070312
imse: 12719.384765625
mae_rel: 0.0793333500623703
mse_rel: 0.006544426549226046
