mae: 0.03618423268198967
mape: 652490506240.0
mse: 0.002359586302191019
rmse: 0.04857557266950607
nll: 31.246614456176758
ece: 16.332960893854747
imae: inf
imse: inf
mae_rel: 0.0530879981815815
mse_rel: 0.003503700252622366
