mae: 0.007948319427669048
mape: 11631840256.0
mse: 0.00010626632138155401
rmse: 0.010308555327355862
nll: -3.8635740280151367
ece: 38.30357142859143
imae: inf
imse: inf
mae_rel: 0.015589230693876743
mse_rel: nan
