mae: 0.016008110716938972
mape: 140534153216.0
mse: 0.00037074487772770226
rmse: 0.019254736602306366
nll: -3.2947189807891846
ece: 26.885989222498836
imae: inf
imse: inf
mae_rel: 0.034692320972681046
mse_rel: 0.0010238208342343569
ece_after_recalibration: 17.331606417206103
